14

7 576
192
96
24
12
6
3
1

8 6144
3072
1536
384
96
24
12
3
1

9 24576
6144
3072
768
192
96
24
12
4
1

10 36864
9216
3072
768
384
128
32
16
8
4
1

11 221184
55296
27648
9216
2304
1152
384
96
32
16
4
1

12 1327104
663552
165888
41472
10368
3456
864
432
144
48
12
3
1

13 147456
36864
18432
9216
4608
2304
1152
576
288
72
36
12
3
1

14 663552
221184
110592
36864
18432
9216
2304
768
384
96
32
16
8
4
1

15 2985984
1492992
497664
248832
124416
31104
15552
5184
2592
864
216
72
24
8
2
1

16 5971968
1990656
995328
497664
248832
82944
20736
6912
3456
1728
864
288
72
24
8
4
1

17 84934656
21233664
10616832
2654208
663552
221184
55296
13824
6912
2304
1152
384
192
96
24
12
3
1

18 1358954496
339738624
84934656
42467328
10616832
2654208
1327104
331776
82944
27648
9216
2304
576
144
48
12
6
3
1

19 214990848
107495424
53747712
17915904
4478976
1492992
373248
186624
62208
20736
6912
2304
1152
576
144
72
18
6
2
1

20 1019215872
254803968
127401984
63700992
15925248
7962624
2654208
1327104
331776
165888
41472
10368
5184
1728
576
144
48
12
4
2
1

