21
0 46 30 82 90 no 17 95 15 48 26 4 58 71 79 92 60 12 no 63 12 
47 0 19 41 90 85 14 9 52 71 79 16 81 51 95 93 34 10 79 95 3
61 92 0 89 no 66 64 92 63 66 64 39 51 27 0 95 12 8 66 47 2
42 74 69 0 89 83 66 no 90 78 65 79 90 33 no 29 85 22 33 37 32
36 68 60 58 0 36 60 42 42 67 no 16 18 56 no 8 59 61 97 55 no
81 75 40 no -1 0 37 35 43 67 12 11 33 no 54 53 26 18 86 70 no
84 no 31 99 86 30 0 4 no 92 15 43 46 84 80 68 4 79 28 65 5
66 35 40 23 80 78 36 0 27 64 48 20 13 45 49 43 80 72 25 91 no 
99 22 44 31 80 70 21 76 0 3 5 22 92 13 78 72 21 81 61 32 43
82 62 74 18 5 89 23 52 36 0 65 65 79 no 62 26 9 13 79 67 no
10 46 23 52 28 77 no 46 35 47 0 94 25 78 63 63 74 59 11 31 no
no 99 51 3 98 94 64 56 93 no 87 0 72 32 26 62 85 93 25 48 54
30 7 -4 16 18 84 26 96 94 21 69 43 0 66 42 40 95 0 88 55 no
12 57 91 -6 24 88 11 18 61 51 83 96 51 0 82 49 35 98 50 95 no
62 75 16 22 no 74 35 59 56 56 63 3 49 49 0 22 29 21 80 85 543
9 70 81 71 86 43 51 60 23 80 24 70 18 67 81 0 no 46 59 6 2
85 39 71 5 21 -2 66 54 13 18 no 59 14 21 2 92 0 65 8 20 4
no 37 1 67 26 28 no 36 43 74 16 79 9 12 20 36 60 0 4 38 32
1 74 44 no 54 13 20 no 70 92 68 90 4 71 59 12 55 67 0 26 43
78 23 71 -3 81 16 49 24 82 85 60 no 87 49 91 35 52 8 10 0 3
no no no no no no no no no no no no no no no no no no no no 0
