3

100
63 45
188 989
215 636
370 365
65 909
740 711
594 245
360 859
364 209
552 688
865 463
421 425
448 602
956 816
626 886
620 784
817 100
616 440
797 44
239 535
435 362
995 733
486 721
402 311
505 551
647 129
169 848
524 1
555 758
316 818
178 950
561 23
828 980
848 313
505 164
85 668
999 667
912 66
916 813
157 504
189 830
542 160
380 542
26 844
307 709
486 52
809 26
634 275
686 6
364 387
109 227
931 249
54 682
648 868
549 222
12 736
795 312
444 194
434 596
53 945
539 5
98 59
99 386
74 98
59 889
599 207
210 601
502 277
474 153
813 562
379 293
554 325
777 654
515 409
94 200
431 812
666 90
238 644
955 944
322 67
691 733
939 83
233 798
225 270
711 717
470 837
727 7
575 602
671 903
867 747
950 684
689 468
679 297
447 880
614 253
21 771
406 29
726 91
434 468
233 256

100
400768 983396
436724 32474
47638 509884
24978 228417
678642 811002
709305 784923
341604 558244
759025 357929
612840 866340
663574 723464
766775 828849
247914 542231
536378 7837
558463 976742
136297 237042
316403 145350
470561 347887
985242 647584
696727 677718
749518 645141
568350 469648
951500 232921
227643 523373
782783 84467
370216 706341
277630 606210
953751 184649
904958 84861
872503 483042
305818 562355
269496 733383
973273 422703
408286 720984
921521 925132
276173 588152
641160 167893
340730 304350
887456 217106
131532 262322
98491 385018
568949 609574
490081 892056
211891 174590
124309 397030
846367 97133
498582 129896
86744 522038
452062 611412
911576 965847
436357 194098
305872 215675
447344 908854
431696 869675
165000 351614
998949 878484
98119 594422
758234 697013
780783 355293
287655 905972
317465 911234
495444 412489
823644 488811
510282 589213
558802 116627
881186 961261
798671 174087
258847 300397
743629 120831
980285 235813
10084 141205
228699 740878
501758 688143
690390 105254
707720 160840
880628 251719
724050 200594
560336 507112
546020 339175
915476 186738
427646 984125
420999 601634
355509 975328
561245 348057
933702 197259
828660 988578
226785 981266
672709 484148
357627 282268
320862 986518
907001 864238
643520 850382
411814 978853
484767 974630
508848 271686
130817 832070
520875 900307
838022 797000
532041 98674
592340 630016
249375 672193

100
922 958
763 675
737 148
946 100
177 806
837 117
859 136
792 926
649 559
113 787
288 780
77 567
340 462
983 460
941 927
358 401
99 559
646 998
503 828
22 8
107 107
166 660
941 706
123 383
917 796
596 713
579 136
291 453
66 790
166 360
740 238
698 916
242 573
527 982
941 684
84 380
17 616
64 690
663 516
852 829
142 846
268 189
676 777
223 392
408 939
173 958
923 954
450 427
57 414
853 738
977 234
97 914
775 548
981 336
51 572
386 172
229 101
457 741
576 572
594 873
178 852
87 549
339 183
526 378
144 950
336 705
182 199
42 388
640 72
136 558
272 582
645 895
970 404
760 221
920 594
142 460
582 424
759 254
973 735
358 794
992 500
955 650
766 503
913 656
262 309
509 141
634 961
67 59
51 53
38 811
988 118
622 798
214 501
802 24
955 124
891 274
980 840
954 668
579 273
724 650

