7
0 0

9 5 
1575 -147 -25347 3402 -21322 -11550 -9491 23172 -8834 
64 60
22599 -19430 1429 -12410 12651 -14686 14982 -1489 -17965 5469 -14000 -17802 8317 2310 -4547 9601 22591 27246 2028 -5360 11462 -4219 -9128 -28037 14231 -22454 -16942 6060 -19183 -13351 4099 -6095 14694 -6809 11499 -16346 -14939 -7875 10727 -6333 15539 -1601 -859 19925 14414 1129 47 2503 -16883 7886 -9754 13206 -11176 15257 -16764 -23718 -2185 3980 5912 3521 -4471 -8570 1551 275 
99 11
-1028 21576 -13066 5141 -1751 -12870 -25240 -7654 18001 14638 -4800 13479 -5468 7188 17912 10898 19236 -6675 -12956 26442 -81 15699 19112 4057 2044 11517 2892 10204 24726 12466 -22492 -12662 -2076 8794 10849 -9292 802 1772 4240 -9025 13157 -17539 -19567 -3668 -13668 567 2971 2576 4235 -4257 21825 542 -22576 13903 5741 8090 -15649 22138 863 -4379 14597 10350 -15439 -10 -1174 19148 5970 859 -5623 -4273 -9329 18237 2231 1995 -4089 -27557 5154 21290 -1101 -5367 -2352 19057 -28187 8251 -25058 -4676 -18617 -9610 12094 -3781 18135 -4391 -25534 19003 14066 -25060 6413 7200 -16823 
50 31
-1028 21576 -13066 5141 -1751 -12870 -25240 -7654 18001 14638 -4800 13479 -5468 7188 17912 10898 19236 -6675 -12956 26442 -81 15699 19112 4057 2044 11517 2892 10204 24726 12466 -22492 -12662 -2076 8794 10849 -9292 802 1772 4240 -9025 13157 -17539 -19567 -3668 -13668 567 2971 2576 4235 -4257 
100 200
1 2 3 4 5 6 7 8 9 10 11 12 13 14 15 16 17 18 19 20 21 22 23 24 25 26 27 28 29 30 31 32 33 34 35 36 37 38 39 40 41 42 43 44 45 46 47 48 49 50 51 52 53 54 55 56 57 58 59 60 61 62 63 64 65 66 67 68 69 70 71 72 73 74 75 76 77 78 79 80 81 82 83 84 85 86 87 88 89 90 91 92 93 94 95 96 97 98 99 100 
100 199
1 2 3 4 5 6 7 8 9 10 11 12 13 14 15 16 17 18 19 20 21 22 23 24 25 26 27 28 29 30 31 32 33 34 35 36 37 38 39 40 41 42 43 44 45 46 47 48 49 50 51 52 53 54 55 56 57 58 59 60 61 62 63 64 65 66 67 68 69 70 71 72 73 74 75 76 77 78 79 80 81 82 83 84 85 86 87 88 89 90 91 92 93 94 95 96 97 98 99 100 