7
952 330 78
2169 9045 2049 4872 3891 5522 8882 6804 86 7609 7014 6653 8737 5206 3389 3824 7831 626 8924 7178 508 1188 5855 3592 7200 6817 111 1753 4000 8750 9225 3548 8969 7939 8718 7877 597 4246 2443 4253 5145 18 4856 6006 2082 4149 5669 5464 9334 5205 9878 5933 2570 4719 8613 7831 5236 4251 8785 8809 8566 2293 2007 223 3271 9622 5748 4772 7150 4205 2190 2676 5319 9221 2765 6212 2287 328 
883 497 76
745 1435 6658 9255 5246 5737 822 1650 6671 7865 5289 7209 1039 4881 7717 3476 9855 692 7069 9862 710 3428 2356 768 9765 2239 8512 4296 2219 3984 1724 8289 9337 2788 9068 7892 3158 7924 9799 1368 2454 7990 8133 3390 6043 1864 9868 7517 2054 9385 7685 2076 4228 7246 2479 6181 8858 8057 551 5086 8451 3053 9019 6609 724 1412 4286 2839 4002 1652 905 3846 2635 3079 691 2603 
852 776 45
2860 7293 5941 948 4168 385 511 1142 783 6360 8279 6379 3664 7815 8722 4048 7286 2309 3061 4838 5488 8479 9180 9187 3072 902 334 2717 2368 9819 8132 3015 6499 4300 2755 2586 3542 9959 5874 5344 8326 4792 4248 6456 1069 
926 447 80
4582 9148 1773 4660 4260 2447 8549 8598 7566 3603 235 372 2243 1478 9358 1216 4963 9462 507 9739 4637 8887 1767 992 7096 9326 586 7644 371 1865 4522 5628 2291 3955 9867 9092 4608 6921 3581 1999 378 9741 6547 6223 3810 5171 8575 8482 4310 6819 8154 949 8921 8262 2402 2900 9908 7794 5196 3214 6671 4910 3939 6102 3735 7100 7940 4881 9015 8071 3880 1156 9090 974 6315 9244 689 2732 3707 8181 
13 807 30
6167 4893 4332 7774 4787 4110 684 9265 2843 7103 7799 8524 2157 1770 6608 4875 180 6998 7224 4830 6743 5815 1618 9864 4814 8527 6153 3457 7587 7540 
257 38 68
8086 8502 3656 9279 1581 1137 7258 2613 829 101 4874 522 8784 8163 7832 4548 5103 864 7596 8336 7197 8643 801 4720 5003 7581 7313 7882 1196 7328 4275 5458 1060 7333 1606 7908 8731 4954 6924 5014 9045 1542 365 1830 6692 5104 2256 8951 6907 630 9127 4423 4412 1679 6015 7152 9828 9318 5541 4150 5281 7011 6717 6461 3409 2544 8961 1113 
650 60 93
8940 4977 2003 3155 620 6945 8424 1869 5760 3020 3317 2149 2393 3166 3008 5676 6710 4744 3825 9191 5386 3509 3943 8066 5334 1759 1008 8841 8236 362 9160 8671 9694 3883 1523 2184 5339 522 6775 8679 8755 1083 877 5173 8545 3698 7570 3235 4399 3525 3718 92 4488 9126 8102 6970 9058 9765 4755 144 7530 319 4428 2654 8982 3052 295 7172 8339 7936 6464 2971 3118 5766 419 2489 8083 777 2963 5423 7628 1974 1769 854 8263 4909 7125 356 6021 8114 970 7554 6152 
