6
6 6
1 1 1 1 0 1
1 1 1 0 0 1
1 0 0 0 0 0
1 1 0 1 0 0
1 0 1 0 0 0
1 1 0 0 1 0
8 4
1 0 0 0
1 0 0 0
0 1 0 0
0 1 0 0
0 0 1 0
0 0 1 0
0 0 0 1
0 0 0 1
5 4
1 1 1 1
0 0 0 1
0 0 0 1
0 0 0 1
0 0 0 1
3 5
1 1 1 0 0
0 0 1 1 1
0 1 0 1 0 10 20
1 1 0 0 0 1 1 1 1 0 0 0 1 1 1 1 1 0 1 0
0 0 0 0 1 1 0 1 1 1 1 1 1 1 1 0 1 0 1 1
0 1 1 1 1 0 1 0 0 0 1 1 0 0 1 1 1 0 1 1
1 1 0 0 0 1 1 1 1 1 1 1 1 1 1 1 1 0 1 1
1 1 1 1 1 1 1 0 0 0 1 0 1 1 0 0 0 0 0 1
1 0 0 0 0 1 1 1 1 1 1 1 1 1 1 1 1 0 1 1
1 1 1 1 1 1 1 1 1 1 0 1 0 1 1 1 1 0 1 1
1 1 0 1 1 0 0 0 1 1 1 1 0 0 0 1 1 0 0 0
1 1 1 0 1 1 1 1 1 1 1 0 1 1 1 1 1 0 1 1
1 0 0 0 0 0 1 1 0 1 0 0 0 0 1 1 1 0 1 1
8 8
0 0 0 0 0 0 0 0
0 0 0 0 0 0 0 0
0 0 0 0 0 0 0 0
0 0 0 0 0 0 0 0
0 0 0 0 0 0 0 0
0 0 0 0 0 0 0 0
0 0 0 0 0 0 0 0
0 0 0 0 0 0 0 0
