35

1 65535

131071 1

262143 1

1 524287

1 1048575

2097151 1

4194303 1

1 8388607

16777215 1

33554431 1

67108863 1

1 134217727

1 268435455

536870911 1

1073741823 1

848827171 202049626

1450706017 357369843

786656137 830893963

400660056 759600309

0 546063838

1865207789 111388373

378874933 1345073868

1916028707 8700003

1295925371 0

729821690 875725740

549953377 213335749

863790704 859797417

992554727 137062078

491674246 1570138847

1669035276 142619483

223028284 1909560765

528324563 636461964

1863154065 263213094

1807441208 266965210

1630253191 182285775
