00010 10110 11101 10101 11111 10101
10011 01111 01011 11010 00101 11100

001 101 111 101 001 110 101 110 010
100 110 101 010 111 001 011 010 101

111100 111010 110101 011001 110011 010101 001010 100100 110010 001110
110001 111011 001101 001001 011101 011000 011110 110100 111100 001010

1110010 0111000 0111100 0000111 0111010 0101010 0111100 1111000
0101011 0111001 0000111 0111101 1110000 1111001 1110100 1101000

111001011 011100100 010111100 011000111 010111010 011101010 010011100 101111000
110101011 010011001 010100111 010011101 111001100 110011001 110110100 110101100

01110011011 01011001010 01011011100 01101000111 01110111010 01110001010 01010011100 10111011000 00100100101
01110101011 01011011001 01011000111 01001011101 01111001100 11010011001 11010010100 11010101100 01001001011