9
5
1 2
4 3
3 1
2 4
2 4
5
2 4
4 2
2 2
4 2
2 4
10
3 5
5 4
4 3
1 2
2 1
4 1
2 2
1 3
5 4
3 5
3
4 3
4 6
4 3
7
2 4
5 1
4 2
1 3
4 5
3 5
5 4
20
1 13
2 15
3 7
4 9
5 20
6 1
7 2
8 5
9 14
10 8
11 19
12 18
13 6
14 4
15 3
16 17
17 10
18 16
19 12
20 11
24
1 13
2 15
3 7
4 9
5 20
6 1
7 2
8 5
9 14
10 8
11 19
12 18
13 6
39 30
40 31
38 32
36 33
34 34
32 35
30 36
28 37
26 38
24 39
22 40
6
1 0
1 2
1 0
1 2
1 0
1 2
11
1 0
3 8
5 6
7 4
9 2
10 1 
8 3
6 5
4 7
2 9
0 10
