3
100
12 18
13 6
39 30
40 31
38 32
36 33
34 34
7 2
8 5
9 14
10 8
11 19
1 13
2 15
3 7
4 9
5 20
6 1
18 16
19 12
20 11
1 13
2 15
3 7
4 9
5 20
6 1
7 2
8 5
9 14
10 8
11 19
12 18
13 6
32 35
30 36
28 37
26 38
24 39
22 40
14 4
15 3
16 17
17 10
18 16
19 12
20 11
1 13
2 15
3 7
12 18
13 6
39 30
40 31
38 32
36 33
34 34
7 2
8 5
9 14
10 8
11 19
1 13
2 15
3 7
4 9
5 20
6 1
18 16
19 12
20 11
1 13
2 15
3 7
4 9
5 20
6 1
7 2
8 5
9 14
10 8
11 19
12 18
13 6
32 35
18 16
19 12
20 11
1 13
2 15
3 7
30 36
28 37
26 38
24 39
22 40
14 4
15 3
16 17
17 10
46
18 16
19 12
20 11
1 13
2 15
3 7
4 9
5 20
6 1
7 2
8 5
9 14
10 8
11 19
12 18
13 6
32 35
30 36
28 37
26 38
24 39
22 40
14 4
15 3
16 17
17 10
18 16
19 12
20 11
1 13
2 15
3 7
12 18
13 6
39 30
40 31
38 32
36 33
34 34
7 2
8 5
9 14
10 8
11 19
1 13
2 15
50
5 3
8 1
3 7
8 6
5 2
4 3
5 3
2 1
3 7
2 6
5 2
4 3
5 3
2 1
3 7
7 6
5 2
4 3
5 3
2 1
3 7
2 6
7 3
2 1
3 7
2 6
5 2
4 3
5 3
2 1
3 7
2 6
5 3
7 1
3 7
2 6
5 2
4 3
5 3
9 1
3 7
2 6
8 4
2 4
5 3
2 1
4 3
5 3
7 1
3 7
