5

6
2 7
2 6
3 4
2 2
2 1
3 2

1
1 0

1000
633 22
582 314
28 449
766 31
165 150
363 134
893 66
898 25
726 235
103 358
985 6
785 23
536 293
825 44
429 116
932 30
123 847
687 241
835 59
330 114
10 265
56 449
505 182
277 131
588 336
456 4
415 94
372 8
301 169
537 69
618 16
760 34
940 60
903 38
189 552
552 388
252 236
577 310
813 41
567 264
37 527
564 329
618 227
636 340
731 103
130 431
499 389
303 262
372 154
389 403
369 505
328 573
307 577
14 266
209 480
809 174
818 68
483 199
676 113
337 274
849 2
738 228
880 42
154 419
690 23
866 107
23 961
657 21
272 268
481 341
685 174
219 385
729 216
292 43
500 323
252 253
361 392
452 365
706 57
384 156
152 139
541 252
327 636
948 4
225 282
343 47
297 695
652 310
715 106
864 60
602 150
189 493
418 352
686 207
911 53
402 213
693 63
647 338
593 391
785 112
928 9
531 453
238 144
140 563
705 30
558 259
790 117
971 3
692 11
577 16
104 824
791 5
465 89
207 676
429 153
391 4
891 21
923 60
226 363
53 339
73 40
295 636
8 45
455 359
999 0
588 121
190 99
312 623
836 97
503 398
579 396
94 375
540 89
263 426
582 308
236 352
949 40
482 328
264 181
744 72
907 14
672 93
671 327
61 37
622 222
604 372
315 576
168 600
817 77
16 960
995 4
108 208
604 20
320 405
631 232
511 108
433 159
572 197
117 412
77 612
392 503
840 30
278 463
290 129
580 113
670 87
679 156
794 79
829 101
32 412
547 188
140 380
807 123
289 417
694 8
40 112
624 371
331 617
706 276
479 270
900 59
504 221
524 250
297 269
866 26
867 28
53 804
886 84
710 20
846 130
940 8
39 541
783 116
452 470
904 74
228 418
601 354
55 184
409 254
255 492
866 106
865 110
950 34
413 483
807 145
828 126
149 844
266 98
550 149
372 470
241 380
140 399
419 328
650 159
117 261
948 1
37 914
785 18
708 121
490 218
440 409
539 355
291 538
856 118
51 39
979 9
219 195
685 251
74 353
874 58
730 128
369 58
195 695
948 22
97 573
597 172
707 189
610 235
93 272
586 80
632 222
24 100
408 327
279 309
502 97
334 563
927 45
310 557
676 197
465 41
716 237
318 145
382 173
625 242
187 151
104 562
83 474
211 380
439 71
747 86
319 221
199 114
988 9
42 87
32 131
937 4
764 144
411 343
691 181
266 212
965 21
1 47
182 462
37 526
311 240
249 405
661 177
589 82
257 538
710 242
495 216
987 5
275 433
279 203
608 205
699 144
491 99
741 252
920 37
790 75
90 755
656 25
808 1
719 25
678 203
97 166
514 176
32 389
112 409
960 23
791 153
884 11
357 156
429 86
200 615
245 454
439 58
713 57
792 28
293 355
259 468
628 225
519 88
280 506
971 2
902 27
111 618
270 447
987 13
577 345
448 275
739 220
622 32
35 64
94 612
40 258
376 140
903 75
159 184
658 127
148 701
426 451
424 375
96 522
941 8
336 453
767 20
96 689
431 243
951 43
176 181
944 20
469 107
161 500
227 621
655 122
3 407
796 87
34 378
395 521
308 102
35 456
245 615
467 298
562 45
125 229
416 22
317 260
579 365
282 598
569 168
14 949
32 186
147 34
925 54
223 546
542 121
874 21
114 816
956 8
775 149
396 59
172 583
957 19
576 322
788 135
411 407
40 80
491 168
24 496
65 739
355 290
700 188
460 375
662 26
996 0
894 33
12 484
558 234
923 77
397 46
372 450
263 561
756 195
772 204
842 38
174 555
896 79
135 430
41 822
321 343
275 603
575 195
862 47
828 61
61 714
347 186
605 47
15 787
747 167
867 109
962 3
348 44
973 19
797 138
274 546
275 507
736 61
611 190
474 5
992 5
780 175
792 61
460 313
610 331
620 356
296 588
848 79
739 1
203 219
240 222
223 193
621 318
884 18
88 215
15 416
273 330
671 234
702 55
324 36
600 150
473 12
716 126
371 289
108 258
993 1
846 90
55 806
973 8
710 27
695 123
598 356
807 31
958 16
108 640
219 118
592 335
959 41
613 149
348 212
269 79
544 81
601 261
651 292
860 98
767 172
185 218
670 80
18 116
51 595
177 417
809 96
108 154
760 131
773 135
930 49
952 6
776 119
16 489
994 4
27 475
94 359
908 56
624 38
706 152
916 44
839 139
167 26
115 295
44 376
114 230
677 175
99 326
704 17
507 221
477 114
968 13
756 210
586 289
724 23
959 40
313 354
693 213
773 197
333 453
538 248
854 74
863 21
872 109
297 243
786 197
899 63
861 6
377 398
465 478
177 285
9 981
723 145
99 326
746 150
930 34
227 59
576 162
326 459
877 107
850 9
165 755
701 204
97 881
68 609
931 36
528 156
608 201
721 34
785 142
79 659
987 0
887 9
927 38
82 8
708 27
916 17
788 161
731 34
515 233
734 153
663 224
496 297
420 530
604 357
79 425
707 172
870 46
781 59
157 155
92 112
404 233
302 479
399 160
708 225
173 12
302 312
941 38
210 316
861 87
692 102
373 20
671 106
628 202
733 238
577 277
884 29
221 615
609 161
38 319
529 40
110 451
957 26
413 238
669 6
28 87
96 457
659 198
723 1
990 5
56 431
867 99
697 185
862 54
693 78
649 318
729 60
814 153
906 36
255 610
586 325
231 33
953 47
994 6
182 224
434 362
622 259
771 54
875 87
249 741
969 16
936 32
253 258
221 155
918 48
779 36
472 67
768 157
422 264
800 178
312 446
121 627
558 44
865 8
708 35
285 578
341 411
740 45
916 35
483 395
481 494
361 450
88 248
613 371
920 62
798 139
555 263
964 2
249 187
93 319
353 3
554 411
506 135
963 22
711 214
968 2
642 338
209 243
762 199
728 74
655 269
613 93
684 170
554 118
406 276
695 262
613 72
857 58
648 129
110 468
269 478
260 106
241 10
363 596
765 58
519 317
90 433
859 126
654 128
930 41
926 21
744 152
694 8
208 602
47 632
518 370
864 73
159 27
72 269
231 132
10 620
612 129
481 351
58 282
822 107
118 720
337 367
214 305
212 140
608 224
933 45
585 39
173 716
378 71
20 240
286 336
48 677
846 48
342 211
560 216
959 33
125 487
350 542
74 903
424 536
969 2
101 454
849 45
750 177
683 58
464 255
62 440
72 222
741 109
742 97
15 945
167 26
103 895
237 723
965 29
994 1
724 162
829 17
373 98
859 3
683 194
33 575
697 73
217 84
337 493
708 116
206 317
798 63
492 266
295 363
53 220
457 440
215 374
493 249
589 47
331 414
579 153
458 192
461 274
724 221
586 210
125 138
212 754
5 410
876 114
844 60
108 787
758 51
4 24
422 573
528 207
479 501
409 31
649 16
388 502
241 55
424 132
68 754
947 5
652 41
591 33
459 462
496 249
784 6
633 288
736 91
520 119
183 294
735 218
78 433
644 90
55 258
467 94
703 138
458 59
474 124
421 570
277 141
651 114
992 7
864 110
578 413
260 641
266 481
867 18
547 350
695 15
630 99
851 105
686 77
89 322
616 69
598 137
922 58
372 50
549 70
367 311
653 149
740 163
960 19
727 211
269 2
140 336
304 152
88 160
698 139
784 210
629 78
874 18
41 123
755 9
264 703
104 679
385 403
856 32
370 130
290 372
327 360
875 83
818 3
747 98
443 543
551 392
938 19
609 383
842 95
263 494
49 539
410 341
756 102
800 103
776 207
676 168
518 117
164 756
327 365
538 79
416 421
998 1
375 73
988 2
254 287
426 209
527 302
141 650
241 167
61 59
793 33
525 220
205 63
799 124
620 102
390 125
602 83
102 33
179 82
801 86
533 305
139 9
427 472
601 64
638 40
29 110
286 415
621 207
2 447
476 177
132 249
984 16
312 206
365 219
998 0
130 42
422 155
826 4
116 393
774 83
700 198
161 760
918 72
36 354
781 89
955 15
701 211
678 169
811 175
660 307
354 311
965 14
690 171
584 186
675 111
164 774
274 614
978 3
66 335
986 13
975 20
292 440
576 44
50 836
691 232
460 35
404 24
52 850
896 104
499 82
751 188
187 144
929 6
366 566
978 20
671 65
504 249
447 56
876 59
123 292
567 370
531 224
255 173
814 175
625 144
796 197
705 251
243 373
24 30
279 599
77 244
275 405
847 15
908 54
897 55
904 69
543 80
11 822
648 242
890 108
949 8
299 172
768 62
180 577
712 280
499 127
124 180
662 19
741 116
532 456
809 79
851 9
516 108
866 13
666 179
906 47
499 367
897 86
45 753
295 464
632 213
412 87
358 318
913 60
409 368
237 91
953 2
403 584
406 426
130 303
99 552
397 244
163 512
540 61
584 18
402 396
217 682
232 688
356 67
322 466
172 246
313 23
548 389
912 45
156 790
202 596
147 329
651 183
390 9
550 216
72 307
695 285
923 36
777 193
869 98
170 27
69 159
110 739
984 1
482 3
503 257
546 281
347 505

1000
1 999
1 998
1 997
1 996
1 995
1 994
1 993
1 992
1 991
1 990
1 989
1 988
1 987
1 986
1 985
1 984
1 983
1 982
1 981
1 980
1 979
1 978
1 977
1 976
1 975
1 974
1 973
1 972
1 971
1 970
1 969
1 968
1 967
1 966
1 965
1 964
1 963
1 962
1 961
1 960
1 959
1 958
1 957
1 956
1 955
1 954
1 953
1 952
1 951
1 950
1 949
1 948
1 947
1 946
1 945
1 944
1 943
1 942
1 941
1 940
1 939
1 938
1 937
1 936
1 935
1 934
1 933
1 932
1 931
1 930
1 929
1 928
1 927
1 926
1 925
1 924
1 923
1 922
1 921
1 920
1 919
1 918
1 917
1 916
1 915
1 914
1 913
1 912
1 911
1 910
1 909
1 908
1 907
1 906
1 905
1 904
1 903
1 902
1 901
1 900
1 899
1 898
1 897
1 896
1 895
1 894
1 893
1 892
1 891
1 890
1 889
1 888
1 887
1 886
1 885
1 884
1 883
1 882
1 881
1 880
1 879
1 878
1 877
1 876
1 875
1 874
1 873
1 872
1 871
1 870
1 869
1 868
1 867
1 866
1 865
1 864
1 863
1 862
1 861
1 860
1 859
1 858
1 857
1 856
1 855
1 854
1 853
1 852
1 851
1 850
1 849
1 848
1 847
1 846
1 845
1 844
1 843
1 842
1 841
1 840
1 839
1 838
1 837
1 836
1 835
1 834
1 833
1 832
1 831
1 830
1 829
1 828
1 827
1 826
1 825
1 824
1 823
1 822
1 821
1 820
1 819
1 818
1 817
1 816
1 815
1 814
1 813
1 812
1 811
1 810
1 809
1 808
1 807
1 806
1 805
1 804
1 803
1 802
1 801
1 800
1 799
1 798
1 797
1 796
1 795
1 794
1 793
1 792
1 791
1 790
1 789
1 788
1 787
1 786
1 785
1 784
1 783
1 782
1 781
1 780
1 779
1 778
1 777
1 776
1 775
1 774
1 773
1 772
1 771
1 770
1 769
1 768
1 767
1 766
1 765
1 764
1 763
1 762
1 761
1 760
1 759
1 758
1 757
1 756
1 755
1 754
1 753
1 752
1 751
1 750
1 749
1 748
1 747
1 746
1 745
1 744
1 743
1 742
1 741
1 740
1 739
1 738
1 737
1 736
1 735
1 734
1 733
1 732
1 731
1 730
1 729
1 728
1 727
1 726
1 725
1 724
1 723
1 722
1 721
1 720
1 719
1 718
1 717
1 716
1 715
1 714
1 713
1 712
1 711
1 710
1 709
1 708
1 707
1 706
1 705
1 704
1 703
1 702
1 701
1 700
1 699
1 698
1 697
1 696
1 695
1 694
1 693
1 692
1 691
1 690
1 689
1 688
1 687
1 686
1 685
1 684
1 683
1 682
1 681
1 680
1 679
1 678
1 677
1 676
1 675
1 674
1 673
1 672
1 671
1 670
1 669
1 668
1 667
1 666
1 665
1 664
1 663
1 662
1 661
1 660
1 659
1 658
1 657
1 656
1 655
1 654
1 653
1 652
1 651
1 650
1 649
1 648
1 647
1 646
1 645
1 644
1 643
1 642
1 641
1 640
1 639
1 638
1 637
1 636
1 635
1 634
1 633
1 632
1 631
1 630
1 629
1 628
1 627
1 626
1 625
1 624
1 623
1 622
1 621
1 620
1 619
1 618
1 617
1 616
1 615
1 614
1 613
1 612
1 611
1 610
1 609
1 608
1 607
1 606
1 605
1 604
1 603
1 602
1 601
1 600
1 599
1 598
1 597
1 596
1 595
1 594
1 593
1 592
1 591
1 590
1 589
1 588
1 587
1 586
1 585
1 584
1 583
1 582
1 581
1 580
1 579
1 578
1 577
1 576
1 575
1 574
1 573
1 572
1 571
1 570
1 569
1 568
1 567
1 566
1 565
1 564
1 563
1 562
1 561
1 560
1 559
1 558
1 557
1 556
1 555
1 554
1 553
1 552
1 551
1 550
1 549
1 548
1 547
1 546
1 545
1 544
1 543
1 542
1 541
1 540
1 539
1 538
1 537
1 536
1 535
1 534
1 533
1 532
1 531
1 530
1 529
1 528
1 527
1 526
1 525
1 524
1 523
1 522
1 521
1 520
1 519
1 518
1 517
1 516
1 515
1 514
1 513
1 512
1 511
1 510
1 509
1 508
1 507
1 506
1 505
1 504
1 503
1 502
1 501
1 500
1 499
1 498
1 497
1 496
1 495
1 494
1 493
1 492
1 491
1 490
1 489
1 488
1 487
1 486
1 485
1 484
1 483
1 482
1 481
1 480
1 479
1 478
1 477
1 476
1 475
1 474
1 473
1 472
1 471
1 470
1 469
1 468
1 467
1 466
1 465
1 464
1 463
1 462
1 461
1 460
1 459
1 458
1 457
1 456
1 455
1 454
1 453
1 452
1 451
1 450
1 449
1 448
1 447
1 446
1 445
1 444
1 443
1 442
1 441
1 440
1 439
1 438
1 437
1 436
1 435
1 434
1 433
1 432
1 431
1 430
1 429
1 428
1 427
1 426
1 425
1 424
1 423
1 422
1 421
1 420
1 419
1 418
1 417
1 416
1 415
1 414
1 413
1 412
1 411
1 410
1 409
1 408
1 407
1 406
1 405
1 404
1 403
1 402
1 401
1 400
1 399
1 398
1 397
1 396
1 395
1 394
1 393
1 392
1 391
1 390
1 389
1 388
1 387
1 386
1 385
1 384
1 383
1 382
1 381
1 380
1 379
1 378
1 377
1 376
1 375
1 374
1 373
1 372
1 371
1 370
1 369
1 368
1 367
1 366
1 365
1 364
1 363
1 362
1 361
1 360
1 359
1 358
1 357
1 356
1 355
1 354
1 353
1 352
1 351
1 350
1 349
1 348
1 347
1 346
1 345
1 344
1 343
1 342
1 341
1 340
1 339
1 338
1 337
1 336
1 335
1 334
1 333
1 332
1 331
1 330
1 329
1 328
1 327
1 326
1 325
1 324
1 323
1 322
1 321
1 320
1 319
1 318
1 317
1 316
1 315
1 314
1 313
1 312
1 311
1 310
1 309
1 308
1 307
1 306
1 305
1 304
1 303
1 302
1 301
1 300
1 299
1 298
1 297
1 296
1 295
1 294
1 293
1 292
1 291
1 290
1 289
1 288
1 287
1 286
1 285
1 284
1 283
1 282
1 281
1 280
1 279
1 278
1 277
1 276
1 275
1 274
1 273
1 272
1 271
1 270
1 269
1 268
1 267
1 266
1 265
1 264
1 263
1 262
1 261
1 260
1 259
1 258
1 257
1 256
1 255
1 254
1 253
1 252
1 251
1 250
1 249
1 248
1 247
1 246
1 245
1 244
1 243
1 242
1 241
1 240
1 239
1 238
1 237
1 236
1 235
1 234
1 233
1 232
1 231
1 230
1 229
1 228
1 227
1 226
1 225
1 224
1 223
1 222
1 221
1 220
1 219
1 218
1 217
1 216
1 215
1 214
1 213
1 212
1 211
1 210
1 209
1 208
1 207
1 206
1 205
1 204
1 203
1 202
1 201
1 200
1 199
1 198
1 197
1 196
1 195
1 194
1 193
1 192
1 191
1 190
1 189
1 188
1 187
1 186
1 185
1 184
1 183
1 182
1 181
1 180
1 179
1 178
1 177
1 176
1 175
1 174
1 173
1 172
1 171
1 170
1 169
1 168
1 167
1 166
1 165
1 164
1 163
1 162
1 161
1 160
1 159
1 158
1 157
1 156
1 155
1 154
1 153
1 152
1 151
1 150
1 149
1 148
1 147
1 146
1 145
1 144
1 143
1 142
1 141
1 140
1 139
1 138
1 137
1 136
1 135
1 134
1 133
1 132
1 131
1 130
1 129
1 128
1 127
1 126
1 125
1 124
1 123
1 122
1 121
1 120
1 119
1 118
1 117
1 116
1 115
1 114
1 113
1 112
1 111
1 110
1 109
1 108
1 107
1 106
1 105
1 104
1 103
1 102
1 101
1 100
1 99
1 98
1 97
1 96
1 95
1 94
1 93
1 92
1 91
1 90
1 89
1 88
1 87
1 86
1 85
1 84
1 83
1 82
1 81
1 80
1 79
1 78
1 77
1 76
1 75
1 74
1 73
1 72
1 71
1 70
1 69
1 68
1 67
1 66
1 65
1 64
1 63
1 62
1 61
1 60
1 59
1 58
1 57
1 56
1 55
1 54
1 53
1 52
1 51
1 50
1 49
1 48
1 47
1 46
1 45
1 44
1 43
1 42
1 41
1 40
1 39
1 38
1 37
1 36
1 35
1 34
1 33
1 32
1 31
1 30
1 29
1 28
1 27
1 26
1 25
1 24
1 23
1 22
1 21
1 20
1 19
1 18
1 17
1 16
1 15
1 14
1 13
1 12
1 11
1 10
1 9
1 8
1 7
1 6
1 5
1 4
1 3
1 2
1 1
1 0

1000
2 999
2 998
2 997
2 996
2 995
2 994
2 993
2 992
2 991
2 990
2 989
2 988
2 987
2 986
2 985
2 984
2 983
2 982
2 981
2 980
2 979
2 978
2 977
2 976
2 975
2 974
2 973
2 972
2 971
2 970
2 969
2 968
2 967
2 966
2 965
2 964
2 963
2 962
2 961
2 960
2 959
2 958
2 957
2 956
2 955
2 954
2 953
2 952
2 951
2 950
2 949
2 948
2 947
2 946
2 945
2 944
2 943
2 942
2 941
2 940
2 939
2 938
2 937
2 936
2 935
2 934
2 933
2 932
2 931
2 930
2 929
2 928
2 927
2 926
2 925
2 924
2 923
2 922
2 921
2 920
2 919
2 918
2 917
2 916
2 915
2 914
2 913
2 912
2 911
2 910
2 909
2 908
2 907
2 906
2 905
2 904
2 903
2 902
2 901
2 900
2 899
2 898
2 897
2 896
2 895
2 894
2 893
2 892
2 891
2 890
2 889
2 888
2 887
2 886
2 885
2 884
2 883
2 882
2 881
2 880
2 879
2 878
2 877
2 876
2 875
2 874
2 873
2 872
2 871
2 870
2 869
2 868
2 867
2 866
2 865
2 864
2 863
2 862
2 861
2 860
2 859
2 858
2 857
2 856
2 855
2 854
2 853
2 852
2 851
2 850
2 849
2 848
2 847
2 846
2 845
2 844
2 843
2 842
2 841
2 840
2 839
2 838
2 837
2 836
2 835
2 834
2 833
2 832
2 831
2 830
2 829
2 828
2 827
2 826
2 825
2 824
2 823
2 822
2 821
2 820
2 819
2 818
2 817
2 816
2 815
2 814
2 813
2 812
2 811
2 810
2 809
2 808
2 807
2 806
2 805
2 804
2 803
2 802
2 801
2 800
2 799
2 798
2 797
2 796
2 795
2 794
2 793
2 792
2 791
2 790
2 789
2 788
2 787
2 786
2 785
2 784
2 783
2 782
2 781
2 780
2 779
2 778
2 777
2 776
2 775
2 774
2 773
2 772
2 771
2 770
2 769
2 768
2 767
2 766
2 765
2 764
2 763
2 762
2 761
2 760
2 759
2 758
2 757
2 756
2 755
2 754
2 753
2 752
2 751
2 750
2 749
2 748
2 747
2 746
2 745
2 744
2 743
2 742
2 741
2 740
2 739
2 738
2 737
2 736
2 735
2 734
2 733
2 732
2 731
2 730
2 729
2 728
2 727
2 726
2 725
2 724
2 723
2 722
2 721
2 720
2 719
2 718
2 717
2 716
2 715
2 714
2 713
2 712
2 711
2 710
2 709
2 708
2 707
2 706
2 705
2 704
2 703
2 702
2 701
2 700
2 699
2 698
2 697
2 696
2 695
2 694
2 693
2 692
2 691
2 690
2 689
2 688
2 687
2 686
2 685
2 684
2 683
2 682
2 681
2 680
2 679
2 678
2 677
2 676
2 675
2 674
2 673
2 672
2 671
2 670
2 669
2 668
2 667
2 666
2 665
2 664
2 663
2 662
2 661
2 660
2 659
2 658
2 657
2 656
2 655
2 654
2 653
2 652
2 651
2 650
2 649
2 648
2 647
2 646
2 645
2 644
2 643
2 642
2 641
2 640
2 639
2 638
2 637
2 636
2 635
2 634
2 633
2 632
2 631
2 630
2 629
2 628
2 627
2 626
2 625
2 624
2 623
2 622
2 621
2 620
2 619
2 618
2 617
2 616
2 615
2 614
2 613
2 612
2 611
2 610
2 609
2 608
2 607
2 606
2 605
2 604
2 603
2 602
2 601
2 600
2 599
2 598
2 597
2 596
2 595
2 594
2 593
2 592
2 591
2 590
2 589
2 588
2 587
2 586
2 585
2 584
2 583
2 582
2 581
2 580
2 579
2 578
2 577
2 576
2 575
2 574
2 573
2 572
2 571
2 570
2 569
2 568
2 567
2 566
2 565
2 564
2 563
2 562
2 561
2 560
2 559
2 558
2 557
2 556
2 555
2 554
2 553
2 552
2 551
2 550
2 549
2 548
2 547
2 546
2 545
2 544
2 543
2 542
2 541
2 540
2 539
2 538
2 537
2 536
2 535
2 534
2 533
2 532
2 531
2 530
2 529
2 528
2 527
2 526
2 525
2 524
2 523
2 522
2 521
2 520
2 519
2 518
2 517
2 516
2 515
2 514
2 513
2 512
2 511
2 510
2 509
2 508
2 507
2 506
2 505
2 504
2 503
2 502
2 501
2 500
2 499
2 498
2 497
2 496
2 495
2 494
2 493
2 492
2 491
2 490
2 489
2 488
2 487
2 486
2 485
2 484
2 483
2 482
2 481
2 480
2 479
2 478
2 477
2 476
2 475
2 474
2 473
2 472
2 471
2 470
2 469
2 468
2 467
2 466
2 465
2 464
2 463
2 462
2 461
2 460
2 459
2 458
2 457
2 456
2 455
2 454
2 453
2 452
2 451
2 450
2 449
2 448
2 447
2 446
2 445
2 444
2 443
2 442
2 441
2 440
2 439
2 438
2 437
2 436
2 435
2 434
2 433
2 432
2 431
2 430
2 429
2 428
2 427
2 426
2 425
2 424
2 423
2 422
2 421
2 420
2 419
2 418
2 417
2 416
2 415
2 414
2 413
2 412
2 411
2 410
2 409
2 408
2 407
2 406
2 405
2 404
2 403
2 402
2 401
2 400
2 399
2 398
2 397
2 396
2 395
2 394
2 393
2 392
2 391
2 390
2 389
2 388
2 387
2 386
2 385
2 384
2 383
2 382
2 381
2 380
2 379
2 378
2 377
2 376
2 375
2 374
2 373
2 372
2 371
2 370
2 369
2 368
2 367
2 366
2 365
2 364
2 363
2 362
2 361
2 360
2 359
2 358
2 357
2 356
2 355
2 354
2 353
2 352
2 351
2 350
2 349
2 348
2 347
2 346
2 345
2 344
2 343
2 342
2 341
2 340
2 339
2 338
2 337
2 336
2 335
2 334
2 333
2 332
2 331
2 330
2 329
2 328
2 327
2 326
2 325
2 324
2 323
2 322
2 321
2 320
2 319
2 318
2 317
2 316
2 315
2 314
2 313
2 312
2 311
2 310
2 309
2 308
2 307
2 306
2 305
2 304
2 303
2 302
2 301
2 300
2 299
2 298
2 297
2 296
2 295
2 294
2 293
2 292
2 291
2 290
2 289
2 288
2 287
2 286
2 285
2 284
2 283
2 282
2 281
2 280
2 279
2 278
2 277
2 276
2 275
2 274
2 273
2 272
2 271
2 270
2 269
2 268
2 267
2 266
2 265
2 264
2 263
2 262
2 261
2 260
2 259
2 258
2 257
2 256
2 255
2 254
2 253
2 252
2 251
2 250
2 249
2 248
2 247
2 246
2 245
2 244
2 243
2 242
2 241
2 240
2 239
2 238
2 237
2 236
2 235
2 234
2 233
2 232
2 231
2 230
2 229
2 228
2 227
2 226
2 225
2 224
2 223
2 222
2 221
2 220
2 219
2 218
2 217
2 216
2 215
2 214
2 213
2 212
2 211
2 210
2 209
2 208
2 207
2 206
2 205
2 204
2 203
2 202
2 201
2 200
2 199
2 198
2 197
2 196
2 195
2 194
2 193
2 192
2 191
2 190
2 189
2 188
2 187
2 186
2 185
2 184
2 183
2 182
2 181
2 180
2 179
2 178
2 177
2 176
2 175
2 174
2 173
2 172
2 171
2 170
2 169
2 168
2 167
2 166
2 165
2 164
2 163
2 162
2 161
2 160
2 159
2 158
2 157
2 156
2 155
2 154
2 153
2 152
2 151
2 150
2 149
2 148
2 147
2 146
2 145
2 144
2 143
2 142
2 141
2 140
2 139
2 138
2 137
2 136
2 135
2 134
2 133
2 132
2 131
2 130
2 129
2 128
2 127
2 126
2 125
2 124
2 123
2 122
2 121
2 120
2 119
2 118
2 117
2 116
2 115
2 114
2 113
2 112
2 111
2 110
2 109
2 108
2 107
2 106
2 105
2 104
2 103
2 102
2 101
2 100
2 99
2 98
2 97
2 96
2 95
2 94
2 93
2 92
2 91
2 90
2 89
2 88
2 87
2 86
2 85
2 84
2 83
2 82
2 81
2 80
2 79
2 78
2 77
2 76
2 75
2 74
2 73
2 72
2 71
2 70
2 69
2 68
2 67
2 66
2 65
2 64
2 63
2 62
2 61
2 60
2 59
2 58
2 57
2 56
2 55
2 54
2 53
2 52
2 51
2 50
2 49
2 48
2 47
2 46
2 45
2 44
2 43
2 42
2 41
2 40
2 39
2 38
2 37
2 36
2 35
2 34
2 33
2 32
2 31
2 30
2 29
2 28
2 27
2 26
2 25
2 24
2 23
2 22
2 21
2 20
2 19
2 18
2 17
2 16
2 15
2 14
2 13
2 12
2 11
2 10
2 9
2 8
2 7
2 6
2 5
2 4
2 3
2 2
2 1
2 0

