20
0 92 13 -6 75 no 45 22 48 31 24 88 62 2 13 63 35 48 12 87 
4 0 53 29 54 25 98 92 50 13 38 87 83 -7 11 87 61 77 18 31 
0 21 0 41 74 79 7 33 73 98 82 8 65 95 18 76 42 88 61 3 
80 98 96 0 53 36 0 36 17 18 45 41 64 65 27 94 40 59 62 99 
11 90 8 83 0 49 59 38 21 35 62 98 97 34 74 78 54 20 78 17 
55 73 20 60 98 0 28 53 3 80 51 12 85 82 49 99 25 35 66 56 
47 82 33 88 no 58 0 60 46 50 56 39 57 89 93 99 78 37 88 45 
56 45 18 55 76 88 12 0 30 54 34 28 37 no 21 80 44 78 95 95 
76 35 10 81 45 69 55 5 0 9 11 72 32 92 21 83 8 24 58 15 
26 79 25 29 52 38 45 no 7 0 48 34 76 92 28 86 14 49 51 97 
5 43 33 13 61 93 56 82 30 79 0 17 37 42 67 27 9 59 55 98 
18 13 0 67 53 27 26 56 80 54 33 0 76 11 78 19 31 42 99 11 
26 93 83 90 55 30 10 27 83 82 53 80 0 37 58 54 74 62 14 83 
no 61 99 55 44 81 65 26 74 88 28 49 43 0 38 27 52 89 13 53 
21 75 27 43 53 31 2 46 73 85 39 83 no 10 0 63 96 3 6 65 
4 85 43 7 -5 0 84 63 76 67 60 92 30 84 58 0 78 46 89 40 
26 2 94 74 38 14 2 89 73 62 87 56 37 20 71 23 0 89 10 45 
46 81 88 66 8 no 16 68 68 65 29 67 3 68 46 10 87 0 47 12 
85 56 28 59 96 41 13 64 88 73 54 no 76 17 81 95 79 -4 0 0 
-9 43 74 23 17 81 9 81 1 43 55 52 5 10 95 55 45 44 53 0 

