4
3
0 6 5
2 0 30
-6 4 0
5
0 3 2 5 7
4 0 10 -13 10
-7 5 0 1 -2
8 9 15 0 3
6 4 -5 8 0
8
0 56 45 78 12 23 56 5
12 0 78 10 13 32 65 -98
98 7 0 -55 77 11 44 33
3 2 0 0 78 45 21 45
54 78 98 65 -45 11 22 3
6 4 5 8 9 7 2 1
0 5 9 8 7 4 5 6
666 -555 444 111 222 999 777 888
10
4 5 8 7 9 6 5 4 2 3
12 5 78 56 55 -22 265 987 456 123
56 888 125 -456 1234 785 12 456 789 4521
9999 2222 4444 5555 6666 7777 8888 -3333 999 2
1 222 354 168 785 156 956 785 426 987
9 8 7 4 5 6 -3 2 1 4
0 6 5 4 0 8 7 9 0 5
65 777 456 123 0 56 -89 785 42 0
78 45 12 12 98 65 32 12 -745  8
6 999 26 45 -135 785 426 102 30 5
