4
8
-3 576 455 748 132 253 356 45
912 80 788 710 -163 362 645 -948
998 97 60 -555 767 181 484 393
93 82 70 50 786 475 281 405
594 708 978 665 -455 113 232 53
56 64 -75 88 99 97 28 16
50 65 89 98 47 34 254 64
6466 -5555 4544 5111 2522 9599 7577 -5888
10
24 35 -485 756 79 86 958 46 524 33
112 25 4785 566 6556 -262 2665 9687 -4656 1623
526 8388 1425 -4556 16234 7875 142 4356 7489 4521
9999 2222 4444 5555 66646 77477 88488 -33343 9499 42
41 2322 3354 1468 7485 1556 9656 7875 4256 9487
-39 48 47 44 53 62 -32 22 14 44
50 66 56 46 440 84 73 9 40 55
65 777 456 123 0 56 -89 785 42 0
578 6457 182 9192 778 6665 362 6612 -6745  68
-66 6999 626 465 -1635 7685 6426 1062 360 -65
20
-45 54 5 45 54 -45 54 54 54 5 45 454 54 54 54 54 54 -54 54 54
65 65 6 65 65 -65 65 65 65 6 65 65 65 65 65 65 65 -65 65 65
12 12 12 12 12 12 12 12 -21 12 12 12 12 -121 21 2 12 12 12 12
65 65 -65 65 6 56 56 56 56 56 56 565 65 65 65 65 6 56 56 56
41 51 31 15 15 15 14 13 144 14 15 516 61 17 -718 819 919 8 -71 61
63 364 65 563 363 46 4565 346 62 264 64 463 346 62 26 446 26 26 644 6
91 19 29 -3945 95 -596 696 97 97 95 -5944 4993 93 39 9 4494 59 -595 5955 39
62 2623 465 564 3634 64 565 563 364 46 565 -3633 65 565 563 63 3365 56 363 6
-34 4345 35 534 33 334 535 533 535 53 533 33 2324 35 534 34 453 334 343 -43
71 722 74 47 475 57 67 4575 47 76 474 476 474 -5746 4674 475 47 -474 57 7
24 524 524 4325 525 52 -3234 25 26 525 32 352 24 32 254 532 325 42 3324 2
11 1114 41 431 315 51 51 331 212 14 4513 1234 14 21 14 1 31 2412 451 1
83 38 -5843 583 85 3843 483 583 384 38 384 384 383 4834 585 68 3485 6877 78 8
75 545 74 47 575 574 73 373 74 575 373 7 575 373 575 76 67 677 777 777
454 44 444 43 3645 54 646 4 45 54 646 647 747 -45 546 46 646 44 45 546
345 634 435 634 43 636 634 35 536 63 435 536 34 5365 63 737 35 5636 73 737
68 8 8 384 8656 48 68 78 78 888 685 84 8 8446 8 8 8 8 8 8
8 585 -5866 86 484 486 684 86 865 687 8879 8 78 5684 38 28 4867 483 58 78
25 23 326 62 27 727 24 426 727 2 828 62 626 626 626 626 -828 62 427 2
45 75 545 75 5 556 5757 55 45 55 757 54 45 55 757 56 54 4557 57 -865
50
-55 65 65 85 95 -5 -5 75 65 56 56 54 5 5 5 5 5 -5 5 5 -5 5 5 5 5 5 5 5 5 5 5 5 5 5 5 -5 5 -5 5 -6 6 6 -6 6 6 6 6 6 6 6 6
6 6 6 6 6 6 6 6 6 6 6 6 6 6 6 6 6 6 6 6 6 6 6 6 6 6 6 6 6 6 6 6 6 6 6 6 6 6 6 6 6 6 6 6 6 6 6 6 6 6
1 1 1 1 1 1 1 1 1 1 1 1 -1 1 1 1 1 1 221 1 1 1 1 1 1 1 1 1 1 1 1 1 1 1 1 1 1 1 1 1 1 1 1 1 1 1 1 1 1 1
3 3 3 3 3 3 3 3 3 3 3 3 3 3 3 3 3 3 3 3 3 3 3 3 3 3 3 3 3 3 3 3 3 3 3 3 3 3 3 3 3 3 3 3 3 3 3 3 3 3
4 4 4 4 4 4 4 4 4 4 4 4 4 4 4 4 4 4 -4 2224 4 4 4 4 4 4 4 4 4 4 4 4 4 4 4 4 4 4 4 -4 4 4 4 4 4 4 4 4 4 4
7 7 7 7 7 7 7 7 7 7 4447 7 7 7 7 7 7 7 7 7 7 7 7 7 7 7 7 7 7 7 7 7 7 7 7 7 7 7 7 7 7 7 7 7 7 7 7 7 7 7
6 6 6 6 6 6 6 6 6 6 6 6 6 6 6 6 6 556 6 6 6 6 6 6 6 6 6 666 6 6 6 6 677 6 6 6 6 6 6 6 6 6 6 6 6 6 6 6 6 6
7 7 7 7 7 7 7 7 8 8 8 8 -8 8 8 8 4 4 4 4 4 4 4 4 2 2 2 2 2 2 2 2 2 1 1 1 1 1 1 1 1 4 4 4 4 4 4 4 6 6
8 8 8 8 7 7 7 7 7 5 5 5 5 5 4 4 4 4 4 1 1 -1 1 -3 3 3 3 3 3 3 3 3 3 3 -3 3 3 3 3 3 3 3 3 3 3 3 3 3 3 3
7 7 7 7 7 7 7 7 7 7 7 7 7 7 7 7 9 9 9 9 9 9 9 9 9 9 9 9 9 9 9 9 9 9 9 9 9 9 9 9 9 9 9 9 9 7 7 7 7 7
2 2 2 2 2 2 2 2 2 2 2 2 2 2 2 2 2 2 2 2 2 2 2 2 2 2 2 2 2 2 2 2 3 3 3 3 3 3 3 3 3 3 0 0 0 0 0 0 0 0
4 4 4 4 4 4 4 4 5 5 5 5 5444 5 5 5 5 5 5 6 6 6 6 6 64 0 0 0 0 0 0 0 0 554 4 4 4 4 4 4 4 4 4 4 5 5 5 5 5 5
7 7 7 7 7444 7 7 7 7 7 7 7 7 7 7 7 7 7 7 7 7 7 7 7 7 7 7 7 7 7 7 7 7 7 7 7 7 7 7 7 7 7 7 7 7 7 7 7 7 7
8 8 8 8 8 8 8 8 8 8 8 8 8 8 8 7 7 7 7 7 7 7 7 7 7 7 7 7 7 7 7 7 4 4 4 4 4 4 4 4 1 1 1 1 1 1 1 1 1 1
2 2 2 2 2 2 4442 2 2 2 2 -2 2 2 2 2 1 5551 1 1 1 1 1 1 1 6661 1 1 1 1 -1 1 1 1 177 1 1 1 1 1 1 1 1 1 1 1 1 1 1 1
7 7 -75 7 64 4 4 74 18 81 1 19 95 5 5 5 5 6 6 6 6 6 6 6 6 8 8 8 8 8 8 7 7 7 7 7 7 7 7 7 7 7 7 7 4555 4 4 4 4 4
2 2 2 2 2 2 2 2 1 1 1 1 -1 1 1 1 1 1 1 1 1 1 1 1 5 5 5 5 5 5 5 5 5 -5 5 5 5 5 5 5 5 5 5 5 5 5 5 5 5 5
6 6 6 6 6 6 6 6 4 4 4 4 5 5 5 5 4 4 4 -224 5 353 5 55 8 78 8 8 78 87 -7 27 7 7 7 7 7 7 7 7 7 7 7 7 7 8 8 8 8 8
3 3 3 3 3 3 3 3 3 3 3 3 3 3 3 3 3 3 3 3 3 5 5 5 5 5 5 5 5 4 4 4 4 4 4 4 2 2 2 2 2 1 1 1 1 6 5 5 5 5
4 4 4 4 4 4 4 4 4 4 4 4 4 4 4 4 4 4 4 4 1 1 1 1 1 1 1 -1 1 1 1 1 1 1 1 1 3 3 6 6 6 6 6 6 -6 6 6 6 6 6
1 1 1 1 1 1 1 1 122 1 1 1 -1 -1 -1 -1 -1 -1 -1 -1 1 1 1 1 1 1 1 1 1 1 1 1 -1 1 1 1 1 1 1 1 1 1 1 1 1 1 1 1 1 1
9 9 9 9 9 9 9 9 9 9 9 9 9 -9 9 9 9 9 9 9 9 9 9 9 9 9 9 999 9 9 9 9 9 9 9 9 9 9 -9 9 9 9 9 9 9 9 9 9 9 9
6 6 6 6 6 -6 6 6 6 6 6 6 6 6 6 6 6 6 6 6 6 6 6 6 6 6 -6 6 6 6 6 6 6 6 6 6 6 6 6 6 6 6 6 6 6 6 6 6 6 6
8 -8 8 8 8 8 8 8 8 8 8 8 8 8 8 8 8 8 8 89 8 8 8 8 8 8 8 8 8 998 8 8 8 8 -7 7 7 7 7 7 7 7 7 7 7 7 7 7 7 7
4 4 4 4 4 4 4 4 4 4 4 4 4 4 4 4 4 4 4 4 4 4 4 4 4 4 4 4 4 4 4 4 4 4 4 4 4 4 4 4 4 4 4 4 4 4 4 4 4 4
5 5 -5 5 5 5 5 5 5 5 5 5 5 -5 5 5 5 5 5 5 5 5 5 5 5 5 5 5 5 5 5 5 5 5 5 5 5 5 5 5 5 5 -5 5 5 5 5 5 5 5
4 4 4 4 4 4 4 4 -664 4 4 4 4 4 4 4 4 4 4 4 4 4 4 4 4 4 4 4 4 4 4 4 4 4 4 4 4 4 4 4 4 4 4 4 4 4 4 4 4 4
3 3 3 3 3 3 3 3 3 3 3 3 3 3 3 3 3 3 3 3 3 3 3 3 3 3 3 3 3 3 3 3 3 3 3 3 3 3 3 3 3 3 3 3 3 3 3 3 3 3
8 8 8 8 8 8 8 8 8 8 8 8 8 8 8 8 8 8 8 8 8 8 8 8 8 8 8 8 8 8 8 8 8 8 8 8 8 -8 8 8 8 8 8 -8 8 8 8 8 8 8
4 4 -4 4 4 4 4 4 -4 774 4 4 -4 4 4 4 4 -4 4 4 4 4 4 4 4 4 4 4 -4 4 4 4 4 4 4 4 4 4 4 4 4 4 4 4 4 4 5 5 5 5
7 7 7 7 7 7 7 7 7 7 7 7 7 7 7 7 7 2 2 2 2 2 2 2 2 2 2 2 2 2 2 2 2 2 2 2 2 2 2 2 2 2 2 2 2 2 2 2 2 2
9 9 9 9 9 9 9 9 9 9 9 9 9 9 9 9 9 9 9 9 9 -9 9 9 9 9 9 9 9 9 9 9 9 9 9 9 -9 9 9 9 9 9 9 9 9 9 9 9 -9 9
5 5 -5 5 5 5 -5 5 5 5 5 5 5 -5 5 5 5 5 5 5 -5 5 5 5 5 5 5 5 5 5 5 5 5 5 5 5 5 5 5 5 5 5 5 5 5 5 5 5 5 5
7 7 7 7 7 7 7 7 7 7 7 7 7 7 7 7 7 7 7 7 7 7 -77 7 7 7 78 7 7 97 7 70 7 7 7 -7 7 7 7 7 7 7 7 57 7 73 7 27 7 7
56 6 6 -6 65 6 6 6 6 -6 6 56 6 6 6 65 6 6 -6 6 64 6 6 6 -6 6 6 6 6 -6 6 6 6 6 6 6 6 6 6 6 6 6 6 6 -6 6 6 6 6 6
2 2 2 2 2 2 2 2 2 2 2 2 2 2 2 2 2 2 2 2 2 2 2 2 2 2 2 2 2 2 2 2 2 2 2 2 6 6 6 6 6 6 -6 6 4 4 4 4 4 4
5 4 4 4 5 5 25 5 4 4 4 42 5 5 5 5 4 4 4 24 65 5 5 5 42 4 4 4 5 5 5 5 426 4 4 4 -5 25 5 5 4 4 44 4 5 5 5 5 4 4
6 6 6 6 6 6 6 6 4 4 4 4 5 5 5 5 4 4 4 4 5 5 5 5 6 6 6 6 5 -5 5 5 5 5 5 5 5 5 5 5 -4 4 4 4 7 7 7 7 7 7
6 6 6 6 6 6 6 6 4 4 4 4 4 4 4 4 2 2 2 2 2 2 2 2 2 1 1 1 1 1 1 1 1 5 5 5 5 5 6 6 6 6 6 6 -6 4 4 4 4 4
7 7 7 7 7 7 7 -7 7 7 7 7 5 5 -5 5 5 5 5 5 5 5 5 5 5 5 5 5 2 2 2 2 2 2 2 2 2 2 2 2 2 2 2 2 1 1 1 -1 1 1
1 1 1 -1 1 1 1 1 1 1 1 1 1 1 1 1 1 1 1 1 1 1 1 1 1 1 1 1 1 1 1 1 1 1 1 1 1 1 1 1 1 1 1 1 1 14 1 1 1 1
2 2 2 2 2 2 2 2 2 2 2 2 2 2 2 2 2 2 2 2 2 2 2 2 -2 2 2 2 2 2 2 2 2 2 2 2 2 2 2 -2 2 2 2 2 -2 2 2 2 2 2
7 7 7 7 7 7 7 7 7 7 7 7 7 7 7 7 7 7 7 7 7 7 67 7 7 7 7 7 -7 7 7 7 7 7 7 7 7 7 -7 7 7 7 7 7 7 7 7 7 7 7
6 6 6 6 6 6 6 6 6 76 6 67 6 6 6 6 6 776 6 6 6 6 66 6 6 6 6 6 6 6 6 6 6 -6 6 6 6 6 6 6 6 6 6 -6 6 6 6 6 6 6
-3 3 3 3 3 3 3 3 3 3 3 3 3 -3 3 3 3 3 3 3 3 3 -3 3 3 3 3 3 3 3 -3 3 3 3 3 3 3 3 3 3 3 3 -3 3 3 3 3 3 3 3
4 4 4 4 4 4 4 4 4 4 74 4 4 4 4 4 47 4 4 4 4 4 47 4 4 4 4 4 4 74 4 4 4 4 4 74 4 4 4 4 4 4 4 4 74 4 -4 4 4 4
2 2 2 2 2 2 2 2 2 2 2 2 2 2 2 2 2 2 2 2 2 2 2 2 2 2 2 2 2 2 2 2 2 2 2 2 2 2 2 2 2 -2 2 2 2 -2 2 2 2 2
1 1 1 1 1 1 1 1 1 1 1 1 1 15 1 1 1 1 61 1 1 1 1 1 1 1 71 1 1 1 1 18 -1 1 15 1 1 1 1 81 14 19 1 1 1 1 41 1 1 1
5 5 5 5 5 5 5 5 5 5 58 5 5 5 5 -58 5 75 5 5 85 -5 5 5 5 5 875 5 5 5 5 5 865 5 955 5 -5 5 56 -5 5 5 55 5 5 54 5 5 5 5
61 17 1 1 -1 71 1 910 1 1 1 10 1 -10 1 1 10 1 1 1 18 1 1 13 -1 71 1 61 41 1 1 1 1 51 1 1 1 71 -1 1 1 17 1 1 17 1 1 1 1 -1