9

57
2525 47935 95818 63033 96902 64903 99489 49404 55129 28430 90606 4108 36870 61195 51700 26770 64248 47178 26723 66600 89909 64760 77577 45398 36554 83207 22638 78484 29163 28584 32351 30951 75842 62834 13708 47400 62021 53558 96206 55015 56439 8750 2591 26653 61124 8519 62510 43314 45318 71535 18825 12146 39062 22745 18257 9871 86879 47611

71
68267 84762 68874 40684 25106 43433 66638 87753 88691 58555 22263 98072 16863 85368 72344 56855 83144 35941 97794 55745 97387 49000 76790 46611 99086 15032 80103 84255 30228 38116 99076 29357 75338 75691 20260 83741 15090 91203 85486 89774 23649 99350 22875 5495 18611 3360 9064 31792 43197 39522 14651 80703 27086 94908 49637 80679 69028 50000 88368 65375 33124 55674 62262 7310 47430 74737 36306 75466 53244 22976 17126 40642

46
87423 53111 42181 77409 32284 24876 4348 81164 89742 34086 64474 49495 18576 46380 43671 17818 66320 42936 74721 76701 71381 78937 71437 39009 94361 67937 5597 75892 52499 26919 12275 98720 13964 56544 62131 44888 61430 48853 53016 82126 45145 30450 9945 67678 65465 93933 8279

80
74518 83063 53693 53581 80487 13979 78250 13277 86692 61432 38674 2342 11441 52831 28638 99492 57338 21611 44643 3167 43508 30176 59834 37902 99950 71456 94804 66688 98952 90817 98244 26501 74293 95862 68988 86877 42664 49376 83812 40170 42535 57435 19028 31889 42392 3440 65742 12251 88075 80605 94314 66847 93653 37140 7387 47047 91045 22175 77531 14559 95339 5165 92346 69257 54513 13307 15600 35181 80009 90225 46733 98358 90366 91946 64792 49809 4864 54933 51645 58917 64882

28
45034 86014 93419 59144 77808 17846 91992 40037 89406 60311 44849 72720 18419 56588 92221 10232 12819 86572 81036 61731 26167 75243 1330 97326 72891 23363 69293 57105 64452

33
34637 45846 53993 42238 86785 6700 58776 64322 17022 79834 40503 38948 50628 4829 54342 73513 55629 9329 8233 65612 96683 8210 82820 63967 80249 1294 16049 1799 24032 28361 35315 44799 33390 44979

24
48574 82148 8428 36518 11230 17043 91714 15697 65460 31741 77456 33039 64283 99125 77150 74727 27348 43310 93089 80938 66401 76610 23931 41789 17347

60
56718 45433 21019 86361 26809 16869 52562 52329 15058 98806 87062 83631 21186 76657 39817 20180 42167 36483 30386 69263 28105 14481 59312 98701 4898 84320 92155 75579 83676 76429 85222 15480 2797 29052 7152 9943 50928 20648 34225 33573 96429 37960 33041 49032 7119 63848 42977 61854 17142 98695 30541 98775 18467 51974 83520 9057 46285 59307 59568 2988 94324

80
99182 91781 81371 82548 80743 89260 84446 92937 90862 86241 98938 81506 95201 99986 90858 91839 94226 80590 84532 89763 93155 89485 98841 83349 95674 96780 97709 94096 93616 98398 99518 82738 89785 98932 95136 98136 96105 91157 89238 82651 94291 88147 84629 92481 91234 88921 94228 96358 86273 83563 90423 81069 92551 88755 86482 97239 99638 89653 89689 83788 89617 89055 90919 94534 83812 89783 80314 95348 82347 81233 83775 85327 83720 86017 99925 80395 96596 87645 82258 82795 80981