6

10 100
63 40 96 66 64 45 82 51 40 12 

10 1
1 1 1 1 1 1 1 1 1 1 

1 1
1 

100 100
88 8 32 50 96 35 70 58 38 99 32 6 31 18 57 50 24 90 80 32 70 27 96 19 27 76 40 10 5 64 32 80 87 82 15 62 49 39 31 25 28 19 9 29 26 22 93 58 71 24 73 5 76 98 72 2 12 67 18 17 32 43 50 52 55 54 32 23 62 96 11 70 58 27 38 11 27 2 46 36 14 16 39 23 15 76 84 4 72 7 11 10 30 2 49 34 89 53 25 56 

5 20000
1627 16061 1220 17343 5225 

10000 20000
1281 16277 3136 7235 14659 17557 7658 1666 12537 18754 2456 16715 6124 14667 5851 11254 5860 12739 8332 9000 8914 19771 9762 15910 1217 12033 1426 5147 922 7737 11463 8621 2775 10010 8965 5115 2154 1034 8664 186 10222 2717 1698 593 9582 1163 9700 9522 4821 6480 7724 6619 18230 1801 7264 5517 8476 5356 1482 907 372 12264 13284 2134 7353 7997 9605 18120 14816 11614 2989 11854 8069 3301 7661 11850 14293 18167 10298 3432 2270 5464 18035 2624 10164 12240 11153 12908 9316 6752 18703 13611 766 18943 12633 5718 1375 1816 1625 8513 9853 4648 13408 10358 1974 3123 19090 4397 6522 19047 19349 5296 6519 7924 6458 19917 4613 4907 1100 9755 6899 181 15001 19729 5746 10454 16191 14979 4033 7427 2841 18144 15384 9024 9258 18122 6201 9182 12136 8340 8979 1331 2348 10625 408 3707 17593 12059 8993 7151 16107 3697 1056 4612 15233 13622 9863 11942 2734 5335 119 3028 11868 19515 7051 12254 8130 6305 9542 3486 7592 2293 11897 5012 280 10900 5145 10437 7911 17729 1633 4950 5123 2184 13379 5092 8895 7538 7957 12710 13757 2632 7257 5669 3035 4716 11405 6011 8641 14804 4693 8588 3657 6601 10885 1473 13456 11873 2002 6283 11292 7961 10075 8439 10894 15862 16596 7213 17354 540 244 11758 17316 12527 10368 7406 15310 16489 4214 4430 10431 17787 4414 5886 10405 10120 1837 4563 4909 800 10620 15492 6258 6137 11081 2986 2724 4116 3499 2647 4923 7885 19996 19479 9725 11107 12738 6373 19531 4394 8766 11344 14163 5390 8761 4559 15313 10666 4331 6753 11462 13672 5165 10088 14270 19067 10626 18120 12637 7833 19713 3611 15017 11646 5861 1496 15549 8734 3256 6788 3949 1417 957 1976 1525 16485 1694 7092 16039 7335 7158 8515 10964 2451 10943 8176 3131 7605 11133 7527 11983 16639 16460 10096 1229 6245 11239 14825 5919 4502 3643 642 6986 7356 2508 8478 2462 4215 1701 9287 2111 8182 2789 1713 2287 599 6088 8403 3582 16031 9780 1826 2069 1660 17797 8175 14559 16762 5979 6178 217 19012 2914 472 18939 19901 7745 5466 6246 4925 5639 1951 7696 2544 18450 2372 5326 3085 1570 2729 11010 8211 1886 6862 9061 15530 613 4463 5110 631 9143 11964 11619 8832 8452 4893 14743 1858 11285 11717 12100 2000 10426 277 9907 3181 17812 1747 13770 844 8419 10891 19901 360 10291 7109 9080 14079 14626 4424 5931 13170 1780 7215 3254 12034 13243 297 19511 13924 11425 2934 5809 14789 11351 14463 12191 2437 995 2486 16794 11854 3269 11471 455 4885 8747 9502 4805 7411 15157 2994 1941 9285 15851 2193 15882 15425 10334 4693 10226 3610 10139 11749 14181 11383 3767 15255 8173 3312 2871 16934 17367 4522 8351 10832 1977 2707 18526 12370 14404 7136 10359 12262 8236 8998 18066 11324 7446 86 12836 5559 14049 1854 9693 7723 5047 8605 3089 19477 1653 8389 16456 1594 19480 14295 5961 8643 16715 3706 11812 3736 2607 8060 8447 1019 6250 10222 11587 18727 15218 10298 4999 9225 10011 6406 17725 10111 7263 4782 8636 4495 8302 5374 2286 2666 8150 12590 3995 17890 3252 4578 10005 6856 15164 19265 3236 2441 5893 3220 3252 12683 11960 4611 11134 8099 7321 12907 9397 2329 10710 12515 8722 8223 8433 19857 4577 3279 16649 6791 3181 12100 15885 19906 3721 18074 13315 11333 6912 4713 16181 3378 191 5630 4221 10313 8385 16828 14291 14885 16316 17490 756 7604 8330 7421 12533 17014 16761 3488 4808 4089 17079 5345 8013 3859 18328 1735 4861 18049 18954 14866 10771 3966 14907 18010 12348 3430 13960 1676 2176 5452 6537 5633 2096 14585 19740 1087 10195 12679 1487 277 7948 14878 4849 17778 10445 14030 17338 13574 13090 236 11674 14940 13495 10609 7424 16119 6635 8720 16203 3915 6873 8375 4566 958 14915 5034 8063 7071 1186 9499 3385 7559 2412 18284 5715 10094 11397 14825 19016 11791 7849 1920 15752 13056 56 8515 8678 8715 2242 12448 10755 3666 8917 1472 2426 7361 13189 958 11245 16533 8219 6313 5232 8940 3873 14940 4501 16301 3724 8540 18072 13211 7242 14163 1932 10645 9102 13548 17125 1488 9818 9614 11622 8824 717 11517 10285 18435 11917 4174 5597 8407 14805 3242 10093 12191 5186 6982 18864 10952 17690 2593 18436 2657 10399 11230 13790 4147 12851 6691 2133 9822 2731 3954 7341 597 17624 19335 295 19163 1587 19698 7496 2175 12937 9366 11942 2005 4072 12514 12058 9142 8201 9518 482 3577 17469 16121 502 14387 11996 1282 2286 7723 11980 6244 3121 738 6863 3638 6592 4226 12016 1282 6148 8932 6479 2277 6741 5544 8202 11143 14636 12047 7566 14205 19340 9116 9631 18876 16844 4427 6340 8543 10920 4433 214 4923 5928 4310 5833 8257 6992 10767 15740 4182 16362 2015 11166 1294 14129 8591 11809 11215 8287 8620 12740 6660 8280 2113 16315 12735 4888 10646 5857 6515 12283 13352 480 15473 1100 12457 11039 9378 8527 1786 4622 17925 13010 13607 5679 7019 8497 19394 17381 15344 14761 6660 5312 14779 8096 2336 13513 5209 12307 8265 19627 3894 12607 17574 10243 2108 6803 1331 9161 13839 214 8283 13247 2473 9332 3668 569 10706 687 3130 1197 9347 8644 1743 17053 6044 3259 946 5474 7011 5139 14750 19675 7263 7341 4357 19062 10549 6807 5933 11518 8065 7515 12651 2758 17592 5865 5470 3797 15964 5218 14670 562 13312 4583 9989 11601 18590 225 11566 4702 8661 3953 19180 9897 2792 15611 17884 11986 2483 4942 9038 19607 10832 12343 14209 15324 13483 1511 5598 7962 4289 4130 279 1035 3294 1129 831 17236 10136 9130 4748 17492 18343 13222 5643 4364 8999 11298 12036 2319 8336 10642 6735 14027 4340 5827 14741 8600 7385 8008 11179 3073 2296 17607 15915 1969 9623 18596 9780 5183 3523 9326 7972 11165 4049 11944 17076 16253 7829 4731 17620 15460 5570 6170 8423 5555 4836 1077 7424 6803 19740 17154 15421 11010 3419 585 7236 18203 18593 8431 7357 5770 19479 14917 5647 14064 16970 17489 11422 1683 15274 9916 9604 6762 2082 13854 4046 2375 4762 2119 7897 2405 5258 19119 19309 16596 17280 9984 11289 11138 5237 9378 15697 6732 11083 10919 6340 2790 2571 7288 5473 8647 10749 8383 5420 5368 40 7158 9628 11774 10604 496 10424 1669 156 4134 17138 3759 7552 8100 355 3198 11627 11317 11944 5982 9305 4332 8316 502 2284 17140 11030 9776 6024 19803 1125 1447 15884 14074 3434 3984 6739 11431 17270 6348 3850 15263 16516 19372 1331 10285 5337 12294 17499 11424 13786 13303 11927 11372 12301 13081 19045 10143 11508 647 12449 11367 774 11726 16486 13730 879 13878 8198 6598 9322 11985 10028 1169 5596 9411 12529 2804 12371 2898 2396 12475 10528 3120 159 4704 4882 5735 4526 7760 12563 3172 4801 1181 19815 15654 2989 5318 6851 8200 9599 12420 9932 7917 8346 16118 18609 17260 5713 8367 18986 508 14599 10078 945 33 7558 13438 7872 6391 4670 4287 5932 14974 4672 2100 17857 6470 10810 8094 12319 3869 5140 13465 6612 11735 15499 1669 4795 16477 10573 4439 12405 6105 5589 5441 965 13281 39 1439 17 2305 15855 1316 2198 13 11542 10660 16971 11208 13029 12451 14330 2446 5214 14589 16571 2056 11384 4982 5011 12497 3611 4933 4012 14468 13883 7069 3221 3976 8633 3484 16988 8991 1495 4343 1417 17963 2778 5381 3390 5153 15302 16075 17708 2898 7029 11560 1176 5752 4633 11585 2352 8158 4756 7439 7655 14163 1204 7368 4728 16175 9491 1867 5849 4678 6511 6160 8030 14830 2566 1231 5808 11851 6485 2255 590 3298 5681 2130 11492 9022 18150 14303 18762 3709 13520 11535 8575 2014 16311 507 10278 13038 3886 17030 8897 12465 6254 19623 1483 19566 11280 2394 11547 1406 4169 7112 1655 10198 15850 7731 2742 8018 3575 11558 16729 11269 7302 18780 7243 3102 11163 11791 12440 7900 18210 4164 12586 5398 3118 8725 1771 12996 10577 2270 10390 4945 7451 19596 18431 10949 2871 4547 12614 5454 8515 7375 12054 366 8623 1645 9988 1835 6457 19355 9861 11506 3975 7676 14767 3085 8229 4752 499 6119 5537 17940 9050 16317 9700 14261 10687 1384 17202 5211 10188 10599 7620 13074 8312 10706 6820 124 11136 12572 2697 1398 7269 936 5045 8424 1285 6159 8685 4593 11517 9040 13591 1234 11166 8698 1945 18489 9806 9206 8881 6033 14241 9912 5968 11112 15160 1094 7419 12352 16409 9002 18051 1722 17168 14517 10403 10943 16614 10740 18620 3505 1984 7575 10061 7665 4538 3519 565 12498 9412 6760 13068 5310 13244 14711 2912 4007 15565 517 2765 3985 8455 13068 17727 16958 12607 4145 6923 7289 7689 6739 2602 11270 10676 1107 17081 7498 12199 3236 6831 16567 7513 11029 15581 3323 19829 19036 12075 14345 271 8133 3089 11591 12384 7739 2900 9337 12713 11893 13827 13198 12839 10629 5009 3274 18610 10269 212 9139 15803 11330 1822 2112 11590 16406 1819 4030 3557 10720 10283 3076 18870 16670 3745 6490 11934 4238 9019 8389 17159 4473 2692 854 5623 1601 7880 6035 113 3724 4598 1286 6705 12305 2587 7845 738 7458 2301 609 10915 5851 3094 3986 3195 7337 19667 16450 13305 7582 7500 7545 6160 6004 15749 17193 18225 5408 5830 603 8362 4153 503 10778 5950 6152 7678 5310 14598 7858 12668 8218 10855 14308 10341 3690 9461 7678 16448 5687 12391 16579 5727 1997 6012 10783 2048 63 5293 16057 11140 6393 11539 15035 3310 11974 11516 4960 18847 17187 584 11454 6448 163 10954 6995 592 8868 3356 948 12032 7633 9250 5524 10892 18073 3555 6673 14059 9297 11172 8581 15898 2885 3910 15563 6292 17380 2 3536 4885 684 12194 3965 3985 2803 1251 15842 3919 11799 2185 16740 9483 4937 8097 9737 618 2165 13406 2787 11071 6709 6061 6268 15391 7927 7514 16801 2305 7019 1544 10481 3322 11377 10700 6823 1814 642 8714 1030 826 3133 11027 7589 16984 9461 2845 11099 19571 19033 9028 1805 3028 5028 928 11733 6413 13894 3240 7220 2093 17363 6599 2651 420 4906 8988 2262 10521 168 10007 3770 4392 8045 1042 5136 15072 9519 9869 6978 2845 7966 4429 9350 19458 11735 18134 10312 7258 17068 12519 7165 1520 8564 6390 3461 18412 2511 9420 13760 18576 17085 419 11828 10898 2847 11166 16733 2171 2637 4169 8534 5345 12154 1394 2918 7777 17988 4198 1135 4959 1025 11791 12691 16034 15526 17997 19047 13802 3801 18740 11133 12340 10777 10469 8460 12592 3915 880 16067 9057 15561 3210 7949 5175 16550 7786 10182 520 9701 15336 17119 2516 2171 16345 655 11738 16833 13733 2107 11830 10142 5930 8838 10525 15380 7606 5179 15994 457 1280 7002 11626 4249 1382 12898 1942 10011 4781 10686 15344 3696 17461 6675 17201 8051 14780 1928 7089 285 10069 19126 6471 6807 11592 17042 16962 8710 10669 5593 9128 7282 18468 10811 10894 8343 4471 10379 16759 1455 14100 1381 9489 11551 644 12001 15022 7969 3472 8183 5663 8434 405 19315 13206 19133 5798 12250 7837 10567 8194 10493 8753 12028 19094 638 228 2233 6261 2881 6707 19868 18005 16628 10851 8521 11885 3553 10722 2365 4877 1267 16156 9208 7838 18440 3483 12518 15770 1142 9988 17199 11181 12768 14831 9632 15885 12570 16421 16761 6391 6683 10368 12600 12075 15427 19678 11846 7881 11116 550 4512 1996 5974 19616 3592 19623 525 3022 10732 10974 7805 4304 1303 2023 793 7128 11703 2113 16264 10313 6446 6965 6321 15062 14301 5195 1417 8569 2445 2255 7194 16722 7744 5604 6197 2210 10712 19944 16155 6279 10374 1417 8200 633 10325 39 3969 15845 18839 17131 9856 10632 560 12551 125 2383 10754 19567 8414 782 8760 23 5314 5726 3767 18094 10474 763 11681 2681 18634 10909 15340 1492 8462 10103 2626 14245 12720 18221 15546 15298 3352 11226 4823 806 1908 17121 7806 5166 2107 6387 10142 14201 12797 10018 4347 4096 4749 6147 4060 5875 7825 14378 661 2293 13832 7265 11319 10586 11261 7466 6390 9823 18635 3830 1403 2921 4817 18342 11371 5281 12824 18881 2391 3662 10754 789 6854 19860 17909 5426 159 10029 11848 17348 14203 12071 5262 19024 13195 11933 12064 5522 16005 8920 7759 12534 14452 8712 17482 1076 12960 2046 1068 18575 16059 2509 3018 9040 15951 3874 5179 19712 15972 7040 19849 1988 11125 15775 10039 4637 7029 18086 8626 15838 7390 12423 189 13776 11802 12156 9559 7396 2453 19839 4752 3671 18147 9007 12748 10667 7437 6240 11959 772 3938 11266 14761 19202 4955 2743 11163 8477 15279 5774 8235 3366 16376 15172 4492 1885 3269 9691 11729 17037 4258 1884 8123 10255 12101 18346 5825 8606 9946 4840 8288 18263 5713 15694 7779 1397 2053 2854 5203 5579 15152 8652 898 9026 18861 5317 4949 3540 7886 1920 15696 9545 6687 11948 3910 14000 3354 2649 225 65 6637 5330 1614 8658 17704 1305 3885 9719 1611 996 9975 5022 7535 17304 1488 2474 16340 17092 12175 10543 1131 4672 6955 430 19812 1575 11177 8466 1019 10961 3875 12683 17342 4980 4026 6315 7233 7709 3551 1278 8422 906 4094 12077 15302 12010 2060 405 3141 12504 6963 12580 14934 6869 12027 6709 4842 6693 6395 6797 16190 2028 11264 1142 3653 8840 17788 10714 10835 9745 1042 12995 1804 6863 1889 18833 5004 9979 1231 2716 11960 14106 7512 11692 3205 18198 151 1366 8583 19935 8980 5561 9180 11521 5135 3320 11066 9733 4267 19225 19798 8109 17182 12222 10518 3691 9559 2498 17945 19810 4177 10807 17253 3297 3895 9503 9074 6972 12664 11657 12372 5548 17453 909 3982 19272 2025 4138 6837 6564 2240 8798 16322 4266 2746 15046 19549 9527 3481 10936 6341 5336 6025 14814 10148 2021 9128 3829 12115 11198 854 805 15914 1092 7742 1346 6571 2042 6725 4484 9358 4316 13426 1506 4591 5535 607 4597 10551 8586 19135 11595 9929 1780 8464 6377 3534 7231 15330 6533 15586 5812 872 772 4511 19135 414 13264 4906 11821 10588 1213 2621 15749 5882 17309 10774 1700 3588 12737 19710 7324 2176 4274 6587 14062 6973 13103 6969 7493 12030 7369 10262 2678 6054 10556 16301 11094 6214 8175 5093 13692 14917 5455 5147 14167 10608 8519 19181 19473 16610 1763 1576 16581 8437 19430 8948 4030 5288 9642 19006 19154 6163 6743 10598 16125 16298 12358 9482 3393 7758 2711 13523 13500 13113 9840 19358 18955 10475 5336 1645 2495 7312 13779 16303 9438 7317 19871 11628 3229 2635 1072 2102 19099 2074 19112 268 19104 5289 4346 15088 6838 5069 13087 7500 8487 14064 2969 2208 10040 5763 4775 19214 11334 4359 6857 11337 17823 9464 757 7388 1826 10332 19514 6007 10298 3210 2356 19391 7031 2205 17263 2518 8943 2811 6177 776 52 7681 2178 9015 7895 14162 45 3849 10716 15743 572 6960 1438 6328 7904 3738 10757 2419 13055 11611 3494 8732 13939 10071 19483 10014 19519 14004 1603 8593 1203 7391 12060 17669 6306 15165 6302 5229 18402 9492 603 12175 10470 7355 13301 10603 6712 10176 1279 13961 11289 1560 15511 16904 9212 18092 5731 5476 13792 11841 4490 3591 2510 13993 5302 3219 8467 14408 5127 11471 17758 12073 19578 5392 829 5698 12507 15785 14932 7108 10951 6582 12542 2408 3718 3397 8648 3990 4743 8070 4267 11159 10589 4692 19561 7518 11962 2852 12203 562 12010 11725 8377 11199 8689 921 15738 11837 392 3851 973 9696 4885 4625 3879 8002 11562 8523 12303 11981 14112 9372 11096 12685 7891 657 1406 11350 19456 5039 15331 274 7901 7778 18410 8461 377 10851 16948 10148 15445 3113 18363 4011 1730 4531 6636 10557 4731 2772 18121 2730 6661 10911 3167 2747 8773 17653 515 19785 6593 10349 9939 5791 1530 6052 15595 9133 15081 4453 485 3375 5625 17594 7446 10876 11525 12691 12581 2355 530 1269 1934 4419 12142 775 9175 505 617 6489 8945 14639 9108 2070 18547 9427 6009 17611 5554 470 19098 3096 16643 1558 4973 17654 11989 333 2934 9290 13290 8507 4038 11017 19157 16145 18932 8075 2713 12416 11353 8149 3872 1409 5201 10049 10714 1861 11152 10928 11800 18944 1186 3635 6152 18641 839 3831 15346 6101 18157 1071 3538 6957 6415 16422 3096 6221 3405 2948 17181 16070 7757 9952 14824 7573 17233 12391 4737 6605 11161 11883 11892 17475 7035 9488 9546 10329 1121 6834 5987 11116 12483 3035 12374 6785 6598 12068 19405 12173 564 16553 1947 9124 11611 7698 1985 4293 11723 2687 2112 1699 8011 5459 12352 18199 6493 19556 5026 3460 12563 3714 10273 298 16431 5669 4814 18831 9602 4412 11629 7979 638 8307 651 9299 10781 10756 5122 4711 17655 19394 4143 1855 11455 19585 978 12468 4638 13769 3367 17707 11379 14461 6916 7783 4682 6023 14610 5071 15451 10086 2896 2365 5253 18650 7365 5449 13675 4206 9124 11189 8174 18151 15334 9082 2860 6829 8995 15314 12408 5847 18547 39 5403 3707 6979 5851 8843 9398 9786 313 15785 12057 6989 7741 5728 1813 15968 6495 14779 4999 9535 16998 583 1159 8925 12682 5834 11629 12747 9289 8739 10533 508 1326 3010 13493 19416 19839 17450 7660 7101 12198 10021 1773 17278 5730 4775 5820 3541 8654 16359 7496 15947 2929 186 4409 12427 5864 15601 1372 2626 15089 11189 10828 19003 14202 13121 17731 18297 457 8735 2625 6517 8428 5350 17020 5017 1635 13107 8648 8668 12045 13990 5161 1376 6224 5376 12150 9321 1901 2394 2544 10752 931 7016 3524 1448 2433 10735 7740 10047 18706 17859 972 7800 15076 581 5756 6583 1050 59 369 18669 4083 16561 19937 3957 570 2544 4118 4591 1359 9756 11810 4988 5941 5939 900 7835 2621 5860 5017 18978 3731 4141 6566 13919 18279 2296 13349 10704 14942 4663 19310 2368 5018 13503 7336 8644 16103 2242 19376 4725 8711 7312 17705 14928 4000 9071 7332 3051 4197 7352 10161 8985 6658 3829 15367 9345 9771 4857 17040 11227 1799 2880 19288 10092 697 7560 18583 11043 4943 6414 5245 19411 2958 5228 11709 4210 5437 7219 4381 17329 3889 11844 1181 14622 601 8404 6054 14520 1354 8704 11476 7122 3789 7597 679 8138 9800 14788 4006 19115 8426 5005 17300 5376 1467 1451 11640 1594 4258 2583 12935 18566 2329 2047 11797 10023 15118 2433 3867 16922 3195 356 8714 2475 12296 1398 12114 11538 16607 11788 11340 18707 4336 13814 4910 2549 14437 2 11024 19266 9225 5363 14905 8928 7444 1218 3760 7213 3451 4020 2303 7232 5525 1341 5450 6495 688 3796 16017 16828 5461 2935 18498 8021 6905 3874 11234 10667 12134 10987 2493 3457 12777 4384 460 12087 12764 5923 12838 3336 6358 4358 8650 10402 11410 19267 15787 742 6014 5694 3069 2048 13541 16990 2495 17607 12349 3143 9385 14359 3189 19517 8856 11054 2106 10933 791 7685 19113 7741 8368 15120 2745 9870 12915 7352 2281 2287 5702 4664 14536 460 4974 6741 16388 12183 3292 8674 565 10976 17339 10836 3530 4016 4793 11298 15315 14922 8115 9632 11217 2629 2630 9949 6267 11140 17203 506 6866 4631 4114 10060 14503 18391 14459 885 9611 5596 12721 9246 11735 16418 3023 505 221 1756 15159 18549 5262 14264 8440 2273 8333 8789 7007 7558 12564 15680 6338 13791 19493 8310 6280 13851 10612 6710 18045 1494 8882 7621 7253 10771 5885 10983 13694 18045 390 12250 16682 5055 8482 18262 16029 2529 8085 10500 8596 12804 2652 699 11703 7104 90 8641 3168 18078 11237 16801 10507 7089 1009 3656 13536 4281 8861 4806 12095 1337 11229 6626 3500 2647 10727 13148 6170 10517 8161 12586 8060 2895 3371 332 170 9078 8649 14258 17617 9898 12276 2512 14878 12157 12865 17951 10091 13159 4657 10487 9227 2533 5530 11018 19922 1047 12501 14851 2409 9560 4618 5951 14544 5695 14169 5644 5172 15382 3530 14336 4339 8826 535 9084 749 7156 11384 15298 5614 11446 12015 10323 8185 2521 1685 4876 9367 2325 12452 3458 7615 15552 13574 2044 3528 3116 2014 19090 8397 4891 10389 11364 991 12261 17576 4220 18737 9580 1872 1031 7904 5534 7825 5232 9250 10924 10918 6495 12657 19210 3981 1521 7383 14823 3983 89 13435 6029 3090 18358 7020 5211 483 1141 9869 9954 15870 12553 2178 127 9695 6568 474 1399 2030 11369 4797 11640 4518 9180 792 11245 9702 10217 1095 7971 17627 5388 1793 6587 4494 5296 10314 10992 10666 7243 12372 16778 2640 17337 16503 19299 13055 11100 13172 1209 9949 16275 2692 18995 12139 12313 9413 3096 15912 5953 1927 11565 1892 9327 9076 7598 8072 5913 10270 80 10627 12094 77 5493 8792 9830 9865 5264 8518 7132 18789 8411 14424 9960 4588 7126 10734 10288 6032 2849 3660 9297 5776 3676 9761 5529 7625 9758 12121 1448 12673 11828 2887 5895 7504 8443 19981 5448 11439 10464 12718 479 1989 2646 1974 6591 7631 601 8392 1881 8336 5410 4904 17746 634 3882 1513 6467 1659 13347 11386 11765 4330 1556 10028 19389 15508 3092 12775 10997 9730 1609 15118 10269 4845 10371 8335 10033 2757 3795 495 8107 18654 3569 19125 5722 4444 7725 8566 10692 3872 3764 15361 6425 306 4391 5772 9400 2353 10327 18494 8519 3193 8613 10782 3406 14069 3159 5691 2773 7461 4286 797 3294 3953 9703 3948 4580 7246 5022 4095 6228 7760 4299 4456 4683 9457 5894 18366 6065 9248 12318 12138 4214 9613 2890 2070 5643 6548 16013 978 8067 1960 5616 10345 618 8610 19611 4516 2597 9034 1557 10716 18251 15300 10590 13830 9955 1662 5898 7193 14527 10969 1887 10691 8440 2262 17360 8014 4971 18275 17980 4812 7795 13030 11138 15786 1032 1640 15911 9652 10519 16357 4618 7269 1410 7572 3398 2322 8122 7826 7433 18935 11546 10771 2515 7586 1255 8203 13681 3870 13766 8185 8763 17026 7998 2934 7404 2138 13263 9468 11873 17398 10481 9562 10229 2034 1968 10295 15834 17990 3687 7108 13339 18639 16123 11015 4497 5469 12410 8293 2244 14334 6645 14319 7651 13898 2715 496 9702 1712 4887 15926 7586 2241 8779 11711 3149 5051 13965 12133 11668 10873 3618 12461 9658 11417 18873 11468 16019 16205 3050 6107 7712 5862 17071 17661 17356 13693 11842 2797 14823 12420 4025 16717 19330 13421 19710 5196 2411 4729 11986 856 1482 1923 4579 5092 11164 7981 5420 9307 17615 8107 16782 11782 5182 16046 6285 11066 7406 11124 10508 7941 1064 17774 12107 4954 17433 11090 3425 666 10247 2306 16694 7173 6518 12380 7395 2 14139 11875 237 811 7710 5933 1374 9245 16790 9774 8837 12030 12448 10117 18000 15055 8226 1350 5576 3924 2878 10152 8076 4257 10393 11855 9297 8135 13134 1628 4281 13215 9133 19475 2803 10741 4312 1965 7059 5145 13408 10303 12593 15458 17788 3818 10534 4292 6539 12324 12485 3252 9003 16423 7672 1432 857 13049 11548 3732 7274 11035 8222 9010 17130 19989 18678 10193 8853 6625 9923 12689 14643 951 5960 6430 8312 9049 8487 4059 13275 19936 15900 1041 1494 3239 11452 5912 8382 5622 18510 18596 5540 18417 5289 12691 6156 8225 6734 14902 9580 12323 6824 6110 8841 3408 10659 9129 1261 10156 7466 2093 7212 11795 17732 8964 9464 14848 48 6904 10146 7679 11327 2000 11346 3574 16786 10587 12970 19056 13620 3549 12631 13450 474 664 5848 13888 1721 5148 10067 9626 14471 16082 10324 8339 7670 14404 8841 10250 2093 177 15899 11853 6152 13392 11534 15522 945 15586 10299 5720 4831 19453 9260 8077 8816 7094 4249 12513 7490 19023 16674 4699 13431 3041 6092 17305 15944 3850 7904 19358 19306 2522 5825 14679 5215 11323 12526 6958 159 3296 5144 8754 872 5039 10308 16262 1186 15473 4132 1162 11319 1624 11985 9063 17969 15474 5036 17566 11637 6734 11127 6834 8639 18988 7150 19988 16831 4522 5867 19792 6515 8651 7705 19831 8326 18442 10039 1740 9384 11360 8784 11154 2638 14002 953 18389 5869 12446 15340 8056 6066 18823 4260 6559 3972 8415 17529 4446 4317 19124 988 17922 16261 16542 7990 5149 7089 4135 2301 2999 16603 8572 1303 10035 9730 14611 11954 12031 17379 15741 4996 7777 14937 11598 16480 3326 16114 5130 1657 3084 4307 370 6907 1690 8110 3951 13670 2046 17601 2302 13293 2207 8498 252 15215 9252 3112 6548 180 5788 4140 6470 5195 6863 16193 2874 9315 16678 32 2790 5735 10998 12280 9211 10526 7890 12165 10582 12226 7921 847 19462 19872 3516 7653 7801 11089 317 12154 4780 11479 2981 7487 14002 8635 2748 13858 18948 9412 2606 391 10538 6395 16116 18724 5704 11102 8064 8226 2701 7107 13005 11122 5080 18478 1990 8045 15339 12693 342 13999 19988 4051 10608 5685 15961 2282 11231 5269 19683 8541 19088 18781 18543 7309 11966 7440 14545 18547 11902 13022 7593 17727 364 8802 491 3439 12982 6112 19081 5298 6503 11871 9187 1215 6582 13924 3762 3536 2640 15537 7888 18052 15011 13725 17996 8116 12140 8307 3373 9589 9379 12976 15269 10542 11429 9272 4440 1435 9986 2457 10731 1218 14344 4003 6802 11412 1871 17094 17077 9607 11207 8622 18243 12722 14014 668 1114 2730 15830 11750 18933 11611 8615 18672 7830 2442 14928 13995 5846 4265 1251 141 10251 10427 6705 13010 10200 15434 12820 4243 9371 902 5691 3493 15603 1375 16187 4756 6672 1029 7828 3199 18144 4351 12481 17622 10103 2889 5189 10515 19966 1619 18706 6390 16926 2710 4794 3748 15855 11961 3291 1346 15132 6564 18758 5197 9465 1795 10833 15292 3400 14398 5758 5240 2567 19895 7531 7035 702 6245 2140 8617 4999 15535 16261 19819 12767 11051 2652 14386 17644 19256 8062 4075 17103 2778 4832 4862 1196 278 10936 18508 19351 10189 14541 17161 18401 8220 7836 8278 12035 19444 18541 2467 16554 406 4278 14277 6340 9938 1613 9171 6857 6241 9427 12262 11821 16160 2239 15856 2341 12079 17000 10333 10839 10026 10231 9864 9255 4422 12845 12416 11999 19854 7216 8476 9343 8512 15099 7771 1701 2595 6918 12895 6654 6954 7828 8203 11309 366 3836 3164 1851 6503 441 10854 7968 4268 8950 14799 16145 8716 2292 14672 2282 19117 6589 9129 1021 4484 4750 8005 9467 19285 11104 10895 3138 2252 18455 12819 6920 5019 847 6777 551 3510 1892 9855 3561 19244 12416 3957 11958 8136 6826 12734 5595 17608 7916 7460 8349 10844 18470 1307 15742 7937 6769 1818 14286 3647 5718 2262 5494 8481 17328 5536 9441 8180 16735 1280 2539 15554 9647 9875 19758 5904 6311 8450 18443 4438 822 5348 11030 9694 3482 14774 13189 16287 4883 10392 2713 539 17704 9610 7662 3382 10168 6056 5856 12408 11267 14306 5310 2534 8025 3936 14483 4829 15363 7829 49 2992 9457 6913 641 6563 10692 1357 2729 15271 2013 3585 8444 9143 4485 6569 9544 11091 1853 8265 8380 4284 1001 3965 7769 5488 536 12532 1242 7303 19511 6574 1734 7086 9111 2356 13397 1027 5755 3704 13537 10097 14790 19982 16143 3564 5349 74 1053 3408 2169 5403 16398 5942 3431 519 17908 16760 227 15367 17022 11910 6265 2853 4769 10344 15134 724 15691 3317 5239 6928 1350 9172 12680 5942 649 3026 16032 1222 11429 17476 4802 18487 5006 2943 5270 11162 6440 11893 5746 10994 8980 18513 19587 691 16987 9589 15712 538 5787 1555 7696 7532 17391 713 5210 13906 8675 4641 8718 3572 14327 8105 5202 7380 13939 431 9679 1709 5101 15168 3036 204 3383 3170 5419 4879 7244 3150 4627 4700 12124 10675 13662 11716 6677 3368 5812 4089 11572 5105 10343 6540 8268 11605 9952 6954 14806 1438 3497 5976 4954 17905 9179 2638 2205 8751 13387 13297 5419 10860 15729 11124 15014 3502 7353 2609 8016 10057 2446 10019 3637 19002 5987 10310 7260 11329 5699 3698 9391 8579 8315 9172 7016 14624 8550 11247 6526 8785 7866 11826 2417 8517 1233 11034 12178 10748 9434 7498 2935 9668 1440 5768 5501 499 1018 8155 6334 8293 4693 6339 11349 2359 14943 13432 18862 1348 16662 6759 14836 9151 4144 10505 4629 6193 651 8964 18744 2709 8087 8903 12290 18128 16418 4257 13509 7189 4485 14114 1546 16089 12013 9685 11744 8403 17868 3357 9093 8375 3553 10446 10260 15315 12260 10766 10544 17162 4631 2764 1712 7568 9641 15200 12426 1799 12140 6181 3108 3480 9114 851 2745 18740 12803 14625 11817 10220 794 2169 7333 3663 10400 2429 6105 16163 5936 2041 15833 1734 11117 18058 11024 11398 2409 2766 711 6847 7894 12 7155 4436 9618 10727 2499 1776 3343 9822 4680 5373 2177 1094 4229 517 5675 3371 14776 168 875 12387 8265 3423 3653 6548 15731 14320 9453 6601 13841 17105 6873 13071 3146 11936 2694 10261 5471 4995 14441 4484 8084 381 18617 17212 5917 9905 16218 8944 11628 922 9229 6787 3864 12779 5847 13252 2287 12644 4751 16935 18462 16212 19563 13221 11520 11286 1484 1205 11814 4166 8041 13899 17190 3043 1466 2833 10631 4298 8934 6437 3883 17137 5134 5458 14141 3555 12443 10961 7324 2266 11493 2626 7785 3778 9286 8870 11822 7372 2814 3936 17167 11024 615 6668 4565 17352 4060 1663 13784 3210 3557 10913 8941 12645 13638 7 9936 11006 5481 18548 19348 11436 2089 7761 3272 8145 12192 1739 8235 2971 5491 8525 9267 4347 5307 6398 186 1348 17879 12638 2891 9351 5425 10748 10539 16397 7310 6202 4811 19126 19833 2660 11500 19056 10930 7820 180 6394 2803 6859 15120 443 10306 7508 5802 11645 4254 8314 13133 9263 1923 13316 13718 6938 5472 2094 893 9699 9628 15043 18883 6177 8740 8793 7103 3615 3319 7980 2020 2645 8469 19806 4244 35 1733 12046 16555 10864 10726 2647 15429 16609 18873 3723 10289 16155 14700 19952 18554 11741 6057 8923 531 13624 12736 10219 14114 8721 4850 10344 18864 11450 11072 16700 6480 12653 691 2994 1262 12522 3597 5709 10970 15089 623 8042 4885 4226 16940 7097 12251 14067 11278 7161 4689 9971 3495 7987 5136 8638 6490 13944 3506 8865 9163 19742 8412 10479 15620 16440 11757 10339 9033 14356 1062 15992 1055 7386 1882 1574 1623 12386 8119 13343 3649 18773 16245 14154 7215 7528 17407 11678 13959 14741 2528 17985 3053 11675 10191 9122 13104 14328 17053 14005 18804 5989 4414 15726 10495 5330 2839 129 11015 12450 11399 11352 9052 9704 12184 4916 1234 3746 18343 2344 2193 5622 9074 12339 4192 3020 450 2078 14479 1067 11033 246 10276 4087 4381 15819 10185 9610 1412 6089 7443 10001 3042 14997 4277 2825 12210 11435 2950 10394 7233 11958 15344 9171 11777 12496 4091 8680 14156 9659 17529 10760 17526 14528 13651 12674 16184 2919 1651 19354 6747 8855 4371 2759 10337 3535 2566 10704 9818 9925 2597 14535 13541 16958 1244 12133 7524 9453 7094 263 9222 10064 9254 8904 19695 5513 11960 16319 17994 16025 10103 8923 9009 12099 2559 12829 3516 6878 4678 4534 5064 12571 16006 11009 18602 4441 9710 10947 19764 6789 15913 993 2663 6615 335 3457 16186 8906 8298 12901 19849 12027 17196 9604 12161 2692 8367 4554 17450 8986 2284 10738 7958 292 19073 737 1161 8318 7004 13445 201 5743 556 7407 1672 7750 1738 13773 19439 16378 4131 13612 9197 163 13801 11309 2881 14547 987 15590 18884 10010 9042 12668 602 8282 13294 12414 4601 5927 8607 2692 7098 1826 16631 3816 3616 14262 9808 1668 10151 8339 986 10189 5360 7562 8 11951 12713 10313 12443 9674 4737 9688 15055 17836 7820 7699 5764 816 2483 8650 11984 5911 8672 4823 5347 15076 12200 4831 2874 5885 2810 19467 11527 7679 3367 935 17888 833 3154 15836 7592 11085 3802 7338 19643 10683 8229 5673 10878 14032 239 4064 18277 7254 12466 7718 7974 4892 1304 3256 6782 9328 12927 7643 17410 4442 11820 17652 425 4187 9492 4005 16888 4647 7814 18473 11342 5344 1468 9138 14161 7925 708 13793 17848 2265 1513 4999 11385 11975 2215 155 12758 4597 4271 17787 16963 6615 15031 1895 2587 5174 8038 16443 3620 1265 7614 12653 2368 12884 8202 8231 8438 11671 4138 2885 10271 7257 10941 12657 2517 13885 3630 2334 6776 8452 1633 18019 15811 6412 9184 1273 1326 9417 16129 10744 16677 6850 4218 10093 5225 8526 2887 9055 4901 7758 9882 3204 4340 11629 293 2654 12208 15959 6116 3418 4030 7350 3598 10730 5176 16596 2333 2978 10043 13932 4892 13234 12241 18930 10513 3363 5025 9958 2698 17524 2038 11987 13004 10037 18062 7246 1209 1220 7524 16843 7650 14919 16159 4675 17006 1514 16347 3236 11017 12090 13048 5432 944 17282 4866 10042 16795 2917 19937 13492 16908 9980 16706 7933 7671 5489 13124 8434 6355 3324 4967 8500 3615 700 4018 737 2488 8537 18981 5718 12570 505 14942 14788 4692 19456 1935 6033 3537 6028 6271 3441 4740 9808 18591 10789 18228 2320 5968 915 3880 7134 8339 10663 1268 9747 10449 12778 8932 2096 2796 3969 7273 3542 11238 15336 10337 17828 3663 6063 10315 6160 2324 2740 4747 10824 10214 5217 891 106 3945 7337 8499 10625 8735 1918 18041 8930 16435 7733 6252 10599 10345 5693 5581 1642 19430 4573 7567 11973 3100 15372 19649 10825 15609 4021 3737 6652 14160 7500 9282 14615 1927 7274 17641 14975 1154 1392 16005 17474 3248 3931 5381 14582 2549 10211 9823 2061 696 4153 12629 4668 18893 14209 13161 5422 2852 2381 4005 6883 4148 1691 7204 15662 18466 2768 8069 2862 662 3222 1873 6955 3072 2163 3818 7156 7623 11850 1430 2711 3730 10966 4492 11266 9754 8901 2654 6008 4463 11539 19943 4311 8425 5160 4791 3720 8562 19 4797 5703 9618 5926 12532 19605 10075 7381 9008 17402 19382 11018 3083 13856 2606 524 1451 12013 7227 19089 17334 8224 8369 14911 15896 4302 6377 1354 660 11613 16431 9385 13865 3650 1518 17499 3975 4471 2106 7001 498 10368 17244 3132 18261 3647 4450 3570 10059 14197 13992 12187 5513 7291 7873 18378 2768 9889 17451 8729 6994 4517 8274 10924 9570 3894 2690 17546 15137 14027 4531 7064 550 5374 688 7991 6157 19822 1768 9472 5123 6612 7257 1693 11216 14628 9337 19211 5254 18376 1159 11822 11690 11032 6737 1619 12768 11293 6758 13453 4059 7559 13631 16073 5220 10476 7562 7635 5067 8003 1815 10062 15244 6784 2598 14415 12035 8466 4496 4378 10771 8570 8148 15712 1747 6573 3685 8151 7034 10509 5715 5915 11724 15012 14902 12228 4357 2465 3010 10185 8998 11703 13831 1333 10045 15443 8423 4935 14041 12156 12606 5007 526 8017 16364 11559 7110 11678 14663 8591 2505 2175 4383 8940 10989 5914 3057 12354 16065 6871 10544 4304 5526 8482 17968 14508 176 355 5972 1151 2411 14171 3835 7459 15056 12995 9350 11067 4058 12001 9965 16243 3108 2891 419 17081 6582 448 14790 1274 6703 10724 13740 4736 5173 4859 16362 6667 4538 10792 16550 4271 6961 871 8639 3949 4849 8521 10715 949 11816 3855 16337 3035 8260 9065 4311 5433 11710 5616 10479 2436 9192 9793 1774 1234 8632 8635 365 10123 3061 13692 12595 1581 450 3736 10082 1926 14184 1115 15201 5068 7016 10368 16969 16128 11169 2001 4916 7940 382 11840 6947 8985 4708 8581 3886 2397 10170 3803 17777 1347 2233 8565 1077 2611 1974 1062 4284 12997 1134 18800 4849 3993 5393 12555 4271 1305 530 8346 5616 786 2317 9129 8537 3760 2681 5866 452 4601 12529 8401 5614 971 4029 10893 98 1273 6342 1800 5509 18466 4794 12802 14531 9907 12860 3786 12634 12351 4367 5181 8165 11772 4644 19843 10507 6529 6338 16390 6377 3070 17557 3893 2876 4860 4218 19354 7828 949 7466 12791 10005 3797 12517 1383 17487 2770 12736 851 129 16137 6193 18322 12681 3706 826 16997 10096 8453 12693 3635 2163 15269 4511 4097 19476 269 14056 12437 2497 9409 9433 7691 16005 11383 12678 6008 7022 8622 214 1823 14046 303 10544 7857 1046 5474 7272 5961 8224 3155 14251 12583 19451 10277 17287 2411 76 11382 4126 19061 6243 9428 15436 10812 5419 6079 7446 15181 9270 1280 661 966 3656 11113 8515 2609 19043 12046 17798 4453 7795 1187 17307 4186 11642 12182 9956 2893 5790 19311 7732 15188 10193 4327 4378 18818 9377 11365 14476 606 3201 639 4086 12127 1911 17296 1155 140 12520 7861 5323 8082 13697 10029 9181 19206 3270 11153 15695 1949 14176 7633 17507 12744 2147 3504 1500 725 8221 5954 10753 15490 18917 7140 12369 1508 3747 11739 14376 19512 7388 14512 5712 4808 1730 1322 5451 16066 11705 17901 10623 1107 4780 11315 8803 5162 4432 2442 7753 8972 11513 12717 3213 14547 8284 1765 4797 5963 548 11490 4041 2990 7929 15829 6700 7711 2446 9169 15483 229 14378 9219 2733 7017 6360 2254 3531 1842 4978 18858 3194 17280 5259 11454 3655 1223 7069 11580 3602 1933 12914 8830 19806 12646 18486 1726 13432 7758 2845 19067 9669 13128 14320 16905 10192 18678 18590 7576 4628 6456 10080 9322 12519 15561 4685 6126 1064 7703 5568 11425 10122 3746 10662 7429 5120 984 9003 2659 15691 8271 13607 18974 19426 10467 7397 11609 17505 12977 8661 13036 10517 18644 13330 3713 3367 13311 6998 3156 3751 14907 12444 9450 3098 10850 54 658 11687 7547 2257 2395 670 12152 164 1012 4425 11149 15072 4523 4888 11923 14677 14079 13415 12317 13921 6919 2483 5145 13086 13128 8285 18026 1963 12657 5917 9508 9339 6042 12234 7848 6622 5246 200 5730 17165 14229 5364 8352 18873 14613 17196 4340 9493 3083 12098 4588 3875 15445 6786 3569 13053 16322 12257 8222 15684 17517 19369 2177 10446 10807 514 13368 5003 1604 3522 7685 10168 17368 9496 3986 5928 19697 11158 8012 2415 2119 15293 6841 817 802 5069 7901 6219 17179 1516 5389 13535 4887 1654 10898 17285 6336 4070 2625 16976 2406 4516 3512 12255 13333 19567 8700 3429 5366 8141 9234 6426 10187 3824 11964 15203 7814 9067 886 1120 9834 1238 10928 8276 10630 2845 10061 218 19246 5935 2875 3878 6362 1701 7669 14648 14724 19345 7414 9704 10525 5226 3264 2030 4912 1237 8813 17554 7386 9621 17620 15508 12584 12086 7743 12732 3922 15958 11946 18819 2008 8468 4576 10947 18267 16542 3122 8861 11069 6390 15480 10377 14621 13060 19404 7876 4685 4865 2211 3988 10965 7747 12782 10815 652 10212 7473 5325 7252 344 1187 1882 15094 3982 12454 5184 16222 16838 1800 4548 3289 6517 8058 11137 3182 18004 17615 10130 6522 5839 9560 8995 5007 3564 11710 3225 4494 11097 4960 10080 9186 11067 302 14646 17600 4117 12742 4726 18877 566 2447 6119 304 6566 10739 1574 2280 5521 10209 18641 17135 3541 386 8821 352 5672 12090 12602 13190 5709 7618 11085 535 2297 4164 4334 11087 8768 7640 13308 5423 15877 1694 1661 2424 19938 8924 5809 11300 4020 7385 12473 7397 5611 2330 16388 2849 3472 16731 8027 5517 4343 7760 5261 3720 5608 12765 1852 8506 6088 852 1961 1133 10028 15759 6782 1355 2753 5677 13563 4633 8245 6161 7139 10643 13482 7927 19143 11657 7612 793 7794 4410 7248 10274 662 8943 9984 11217 87 10809 3556 17586 7319 11822 7683 11512 2466 9568 4922 16638 154 8288 8651 19743 133 4370 2378 3987 10133 6481 9539 10091 12184 8037 1232 3248 7106 6947 9050 4216 8375 12037 18605 6249 18845 3850 10913 8178 17217 12624 2918 7879 6504 3279 7567 15388 5401 10233 3010 4356 8008 13104 9182 10027 5158 5959 14126 3505 18311 7324 1069 12649 18036 6997 7994 2290 11603 4121 11967 10101 15987 11314 3164 6975 8059 2240 19192 11008 18869 5120 19882 547 4247 5086 5573 18351 7123 11895 14786 9375 2527 7443 7250 11454 4070 16353 3972 9893 13489 11156 9428 6745 176 10590 4181 3007 11405 7275 671 9634 7379 4543 18524 11112 10394 2067 7919 3472 6006 14797 326 688 11905 12447 7905 6221 10693 16002 12579 3674 5231 178 4825 7157 5936 17868 19976 13791 3189 4870 1020 1116 5289 6479 5485 3339 3593 4232 4532 18918 7881 15010 14415 6013 7588 19096 7985 2127 4106 5999 878 3593 7621 16332 4325 3811 7563 11957 12814 18647 15659 3755 6661 4260 5105 13063 15576 6020 6588 5076 6669 5033 803 2573 3447 2654 162 19159 2619 2235 6955 10560 9726 14505 12587 1464 18737 8761 14106 8592 11519 12863 13895 11506 8661 6387 19618 8896 10163 11146 2187 5871 17458 5585 7579 11686 13142 3882 1970 10483 11574 7499 11105 9133 9930 1076 19353 1808 16276 19184 3827 13205 13170 5998 15808 3473 2722 3777 19764 17200 13334 4982 18798 13970 10202 3925 1931 19013 4708 2779 3724 18692 12027 18453 12101 7023 17163 11168 12743 5836 9799 4607 4207 925 15871 10814 12144 1090 7493 6758 11231 16433 8506 2528 17662 10036 17310 1294 6794 12611 376 10087 8968 8259 5794 754 7469 10301 9816 6918 17645 8098 9570 5216 13639 18271 18752 7109 19246 6332 725 3545 3387 9211 7351 13056 12849 15277 14134 18516 14320 2999 16170 16359 1310 18662 6562 5178 9491 18128 7306 19198 10084 9228 10492 777 18033 1459 1962 10652 13523 1720 4811 13012 7584 2308 17028 9038 4032 11446 7896 7071 18645 12090 9139 15347 8262 8232 3731 389 15821 17663 2840 14847 610 17634 4878 8948 6983 9170 6680 5947 9749 3085 5086 845 4390 4966 4026 11681 10948 6374 3231 18023 17586 4259 11819 2306 6329 10302 270 7403 4405 7458 10651 14978 10913 2266 16911 19735 6528 5939 2336 11769 9997 12339 18759 10621 10821 10585 10320 9234 6163 2901 2177 323 10941 810 16073 6766 3149 9826 7627 12355 4098 8529 459 9440 9975 10926 952 8267 10227 11534 17690 17328 1939 6402 7678 18268 341 9491 18911 5913 13383 8252 5879 812 2191 14439 9254 8685 4731 1227 3585 966 5739 517 14079 4047 12382 6421 8768 2023 17018 2652 11455 11638 4384 1043 11098 10369 1167 8942 6590 1902 10839 6354 11192 378 9568 307 6969 2296 18844 16082 8873 2380 16618 18293 3280 18887 11084 10408 4000 11909 6124 12916 1671 19684 5130 7037 12915 326 12425 18657 11174 11657 15130 18287 14077 8869 2217 3269 4155 8871 4390 15437 10555 5325 6006 889 13621 2786 795 6782 14928 2875 7681 110 1865 2418 8651 6777 7202 12193 2461 6981 18735 11138 2922 7371 7901 4645 9568 6805 11235 14578 5875 19190 4174 3649 6855 4266 4455 534 5666 3823 7 3298 1041 11714 19358 7831 6713 4893 12671 2379 7137 17489 16368 6736 9246 10239 3441 7793 13663 16860 19658 18160 2329 7781 11610 16319 1333 1311 16157 3965 6073 4819 15102 8370 308 19369 2493 7117 11150 4867 7137 5180 463 5149 4962 17420 9198 2370 8880 6915 9596 9073 1896 1563 3922 2192 12152 7424 6360 1840 4592 8109 11832 6371 15180 11171 3266 17178 7871 5738 4928 10723 11361 1708 11197 1857 892 12590 17938 1485 11507 19569 10609 10476 11444 8233 885 9489 8032 6172 9769 18134 4952 9503 1751 18390 5386 2668 11379 3406 18651 12359 11081 7027 3511 3730 11781 14742 12631 10382 1762 9686 8786 17364 11925 17798 15591 10355 9049 4512 7817 6891 1374 1096 2380 6186 18542 11333 8271 6183 13632 475 714 2684 5472 11661 858 903 16638 9555 13066 8739 14262 5783 8356 2563 10751 17462 9880 8849 4312 8179 10252 3493 7440 4094 6884 12168 4981 16198 11028 10154 2687 6043 12036 1153 4029 8585 10850 9699 16640 8976 12718 3271 7398 5736 9730 9784 7977 52 18112 11674 8169 9188 4256 546 3447 4657 5658 2959 3908 2835 12720 2606 7657 9158 7776 15405 6584 3997 18344 4478 11874 10918 19290 16624 426 512 4291 5993 6474 13080 10646 4456 7716 15083 5086 14969 14092 2776 5219 15576 9299 16100 2588 2218 12407 3027 2422 121 1961 8483 68 4720 11646 4684 12584 183 10970 1623 6368 1584 26 13755 6099 12625 10113 8414 3709 8803 13285 2603 346 15771 2427 6927 7280 5560 4479 3322 4256 5949 8424 7634 10157 7793 1707 3738 2349 1300 9487 6661 2160 995 2705 3444 4111 4814 8120 10583 2966 9208 11388 12450 6837 18032 17394 19566 5315 3246 7867 15411 17043 12273 461 7587 156 10648 9793 9545 3203 14366 19263 994 15276 19322 19495 5980 5345 3927 1793 5229 17569 8464 7975 10326 14284 5582 6673 6040 12622 9318 1313 3286 5578 12749 2000 557 19016 8126 7321 16656 6946 4207 3651 1607 6731 4015 11828 3818 11489 8835 7861 377 5173 18434 11840 11166 7768 15919 10033 11686 2536 17398 11 6172 15675 17001 11497 12072 14794 14651 7689 7623 11937 2685 17140 14956 9414 408 15889 1878 5257 12684 12042 11826 2539 1640 8222 12371 18929 9737 18376 7919 5802 11766 2832 7453 6942 3388 241 2669 18490 8071 746 9159 10329 10401 8745 19111 13621 6191 11540 7544 17614 4584 11193 10384 2138 5720 4345 17195 14894 2005 9904 6699 12267 3520 10632 1903 12 4543 10654 17266 12975 281 18324 4903 2530 11155 18617 19922 19823 4170 630 1289 6091 2384 2235 5707 10011 10667 11112 16896 9352 9195 15648 7763 1956 14411 6250 5068 11005 9066 6922 10257 11297 12139 3168 2655 17203 3019 14206 16548 7597 9506 8688 17120 3702 5436 13222 13532 7909 16057 8645 14122 11478 18210 5007 16926 12301 11310 3440 5579 2600 7061 4363 7650 5610 243 5540 12679 9572 11104 1327 1462 19462 2478 15992 2133 17255 7364 6740 4602 9457 4889 11815 1215 4241 15764 215 13316 5373 7906 10705 7301 18502 4600 3899 10460 11007 15690 19386 16632 10350 5420 5859 7678 17043 6792 6503 11425 14583 12223 10971 2973 5687 12517 6406 14681 11632 4535 10799 16605 652 14079 229 18257 17902 2026 6512 5783 1691 10856 15096 11401 4041 15781 6516 8759 12140 7430 630 11483 4542 18343 6933 6014 19502 6643 186 720 11436 3172 17423 7010 9492 6525 6181 16167 6553 8420 484 1259 7572 3237 5048 12499 16172 740 377 17110 1192 33 6300 12955 4243 5554 6777 17172 3983 7324 10140 15226 4157 10131 8047 10826 650 7059 11943 2911 5694 8830 10766 3377 4898 6520 10833 5133 13296 14817 4586 149 10815 10897 2352 1722 4590 2425 4414 14903 9617 18040 9698 5489 9626 8764 8999 2125 297 2618 4580 2834 15894 15344 4069 8096 94 2906 10490 9743 2988 6803 9119 11371 1194 366 4076 7823 4745 6260 4894 3744 18764 9087 8741 8492 3163 7766 6671 1060 4775 10795 5908 18903 441 3250 18243 15760 16991 3556 5741 19857 1081 8692 9553 12048 6529 12207 14279 5458 10425 3098 13328 1542 11194 15880 19133 18148 13882 730 13055 8326 3996 15996 8656 9318 16414 9340 18431 1721 11295 6443 18593 17004 17199 12282 8758 2301 9051 9774 6681 11291 2841 485 428 6689 11313 4493 1955 18064 11916 6593 207 5163 9121 517 7534 3672 1917 19141 8145 14644 3347 7434 9198 6871 1989 7038 13511 2793 12241 8769 4218 611 4223 7467 2506 10890 937 7812 1965 16008 8428 9184 11320 18892 12110 11776 12007 1252 8848 12454 10961 9273 9205 1976 6924 19306 14355 9464 5116 9196 378 8321 11810 3937 10595 3525 10402 856 19291 2150 11445 9444 10064 19378 11344 4608 13402 9539 16916 3810 4589 12279 3287 15358 11261 16172 8659 6622 6995 17567 3246 8799 11759 7142 18057 8718 6238 715 18860 451 10239 10634 8049 7229 2800 9550 16368 10719 12542 11464 17388 18955 3084 3120 12668 1501 2083 8479 16667 12522 13626 12557 403 16665 12712 3527 6311 6561 9224 14293 9920 10243 9516 1514 16955 6218 869 15275 8081 11714 6481 7557 12230 9526 998 16520 1174 9613 6110 2473 732 3174 16227 9912 9157 8402 5276 11966 10836 13234 5880 8250 18455 2417 8571 6460 12554 9124 13991 19170 2697 9856 9580 12946 3932 15291 7090 1689 16478 3847 10726 6850 19855 1675 10564 13849 7674 5699 16132 993 649 19737 3559 15315 17703 9700 12419 3962 150 1122 11213 7051 338 721 838 649 15269 179 12841 7641 11853 19969 2420 2658 3946 2512 7893 17320 6956 10786 9367 2569 1212 8463 16172 2488 969 5365 1789 4858 12566 4316 4303 11774 8419 5966 3896 3265 7161 5045 3523 6593 13401 1526 10624 8832 4902 2637 11567 2013 16370 6442 8174 2702 7206 18731 352 5505 14390 3227 2048 3412 772 10506 11591 3859 7187 9485 19802 11281 9744 13209 12663 5033 59 10907 11105 16661 9372 3162 2122 3887 12579 1520 11456 3592 4224 12325 6523 8838 9700 3182 17669 13474 8791 2885 12427 19169 2492 19561 7011 7538 7906 19383 350 12648 3596 19978 2576 2553 9378 7664 12189 14871 5081 12654 17222 7022 10912 9654 11668 159 11469 5670 16068 1242 487 7108 14419 11233 5781 6711 15851 12764 10215 7976 2159 6168 8611 4986 8388 8036 10002 11110 17120 15630 1739 9787 887 14362 18528 19125 2723 12483 17096 11676 9300 3574 5548 12991 6200 15083 3030 305 6828 7271 14455 7555 7459 11055 18071 17187 9302 6990 1698 18165 11597 8330 10481 16175 2508 10402 18614 7770 5953 10955 16812 8263 1293 9676 11807 7278 10193 23 16887 10254 5083 14794 7626 1921 13873 3206 2242 13918 10717 3950 2444 10419 249 16643 4835 8387 5085 12287 6396 12318 8646 527 6451 3039 6152 8341 9078 6410 17079 4093 11760 7014 403 5886 408 728 5586 3861 16987 13058 9906 3038 13895 13626 12575 211 11161 3534 5185 3976 13545 6424 6345 14887 1908 11389 15389 19016 10858 3755 18562 1300 3193 1586 12746 16220 3769 1634 9502 19156 3770 5799 14317 6260 19691 8770 8021 176 8651 12041 7856 18391 6485 672 2851 16458 4679 7544 12388 6271 18163 4071 7369 19926 14026 11049 8408 12121 1286 13687 11852 2266 4119 11110 8805 2441 7151 2690 7059 6420 16561 4874 17252 9730 2552 8110 8523 16402 1860 6280 5171 14256 2922 120 10021 11449 5468 5795 9398 6736 9589 2861 14357 7872 5162 6805 2866 9364 18349 2994 9490 3093 5284 13547 2163 15618 1066 411 9210 7381 611 10149 11941 17780 6277 10517 1293 14390 11557 11225 9596 3864 3456 12062 12528 6623 6859 11247 17870 13327 6268 10378 10602 4779 12506 8420 14325 13263 3331 4478 10088 18028 13692 7784 8304 11235 4126 9111 4218 3236 6398 4354 7521 19656 12413 6658 17366 5133 2002 17801 5358 9584 11412 13539 1170 5872 8748 2091 4579 17761 14331 5840 6284 11247 13927 8361 8972 6901 10507 13908 1156 1213 2464 4438 4638 15385 9670 10639 19198 9826 8983 11453 14285 7440 12430 12564 16835 3962 15667 11546 1172 16560 8266 12488 12255 18678 12508 7134 18835 2178 6982 19847 4418 13047 19521 2350 8746 17444 10418 3231 3841 10328 6258 4962 5473 6855 2720 17237 10420 10915 9445 16008 9761 2227 15784 2110 17944 7928 7924 7137 186 14049 11558 18789 18412 4972 15707 16737 17822 4574 6296 7818 18134 12229 17884 4401 4386 141 4899 1502 14078 9025 4636 782 13410 5220 2285 3786 19856 878 17029 4713 7196 10155 13155 12296 10268 6418 1988 6791 7249 6178 10930 4710 2710 930 747 9153 12201 4730 5263 1768 8216 13165 8623 11715 7054 8345 4082 16293 9982 8144 9512 9518 4206 10488 980 13319 8135 6625 9398 5016 9820 5702 8855 18381 6457 12263 10104 13610 10894 15941 4861 18602 1499 8638 1621 735 15806 13994 5005 8102 6875 9078 7894 11753 203 160 2387 10042 19496 12499 7336 17229 4663 2788 19359 15766 19286 9100 2972 3780 3688 8679 8419 16733 9151 15022 3912 7546 16649 7985 7032 19077 11806 19000 7525 14929 16041 16635 12247 2042 1780 10750 5265 2557 12153 16658 10946 7962 4902 4745 269 6216 7376 2969 9883 3352 1883 7859 6911 5165 3976 8485 6889 11547 5376 270 9359 3103 2752 15264 16344 11358 4518 4060 18251 7905 698 18889 3032 15760 2496 5077 2981 2477 14461 16720 12411 9811 4200 16966 9330 19919 2355 477 17754 4767 16441 11215 1643 6409 8777 3752 2446 5886 7188 11075 1421 19024 12724 18944 15321 4112 10589 874 4923 12971 16552 199 8381 4390 14397 8127 15481 11449 2689 17906 2017 9385 2112 6132 3760 2761 14428 7691 14770 7059 15830 17484 15503 16674 4220 11409 5661 14898 10420 8254 12742 11419 2664 1557 13848 5066 6259 15862 2508 7170 4362 15996 4056 11282 526 19125 2392 16151 17424 5025 19514 9396 10277 12174 6825 7695 8589 10450 1116 12463 9790 8233 11456 6548 11990 1297 12387 13974 14593 8963 387 578 327 627 6390 7729 9146 1962 15354 18345 126 6050 6559 9881 13081 18307 9011 12240 2173 13660 16271 19774 11987 8869 608 5934 2826 12276 5720 2947 768 4957 4694 5713 6480 15566 11827 5694 2621 6218 14990 7193 7837 18950 537 7962 6121 15009 6821 11004 7652 5447 3852 15031 14090 12489 10878 4930 16411 12470 10318 743 1639 4573 11069 2696 16124 11399 14086 9073 7694 6671 12012 8318 19430 17028 16993 8944 19534 2913 5080 12459 3419 875 18573 595 6972 19084 5778 17735 13090 10511 11869 13052 7856 8347 13520 6654 1668 9364 8873 18691 6598 12367 9964 6193 9489 5941 6221 6130 11711 4155 8674 16694 14202 1824 4360 2985 9760 8455 16116 789 3382 14614 12509 9722 18320 15 6120 18795 11231 3054 15571 12299 2588 2787 5222 13065 17237 9233 2199 4217 2069 9607 8092 18804 7672 6365 7127 3953 2607 9138 3836 2148 15216 18116 18054 3063 5729 12049 3003 13640 6502 3949 8316 11810 5482 2755 19762 1726 13770 2800 885 17596 3816 13340 12191 7197 16142 13851 10928 11108 13920 101 18178 17645 8391 19474 1840 16781 3803 11192 2210 6251 4881 10344 17693 14367 581 1991 2856 3817 361 14889 14689 4819 3951 9236 17121 16362 3795 19826 109 57 18668 5655 6751 3655 7348 2262 8115 17044 7285 158 3542 5007 15639 3961 10732 8506 1447 17254 7681 13216 10154 4406 5234 1366 12194 7141 4636 8562 17760 6650 9925 5032 7306 2242 4457 9867 12238 2408 15880 14178 6408 15929 5166 11593 5456 18870 10914 6923 968 14041 9171 15422 6468 9837 3360 17950 12058 104 9318 6605 4268 7339 4847 15498 16851 11644 10105 12048 4014 6498 7813 8209 17964 18690 3617 2707 18422 8728 9239 10315 7519 6584 631 3704 17264 14791 9122 11138 13615 13749 18585 4915 6960 7260 11333 12310 19807 6078 11496 13742 4876 698 3043 10552 19768 2896 9961 6660 10494 10615 2084 12465 10501 10619 6502 11880 2373 764 13490 12730 2424 11363 5452 7389 12420 11367 19518 484 2469 6496 13100 11805 3359 3530 8219 7856 17892 11741 861 6773 2275 15659 18879 7925 338 10618 214 12613 4572 14371 7719 18687 5070 3276 8535 2306 799 8034 1522 5804 12158 889 6687 16406 18176 16936 899 10928 12201 4383 4116 5213 10075 11179 14434 17104 1245 7021 19105 807 18509 1814 1209 1896 9161 3014 977 187 7961 5222 11449 14375 4449 13219 4087 18256 19910 9677 7861 1968 18047 19791 2056 11924 16542 18544 11075 15641 5694 14539 573 2983 3471 7179 18112 12173 8864 3914 7060 10399 14412 8778 8779 300 8711 3412 1038 1379 9322 15632 5095 18408 10109 14597 15376 10162 1733 2547 2044 3336 7182 9389 14852 668 16155 6907 19029 9031 8299 16976 3895 10086 12525 11368 6048 14612 8103 18437 15035 10344 19044 19339 17811 1841 5788 12473 4836 10960 8648 7561 15332 4150 229 10987 17773 7006 10664 8094 1006 8909 3683 240 1426 9704 4855 1846 6705 19733 8506 8462 14710 15798 11883 4916 432 10786 9043 5827 4028 16965 13854 3085 15378 17274 13146 253 5232 4614 5743 17420 15844 19639 6720 13249 9661 5790 5824 3117 3412 7785 2360 5159 8759 16165 15287 1604 3830 7923 12091 3034 17680 5833 2399 3734 3072 524 9734 5147 11493 7723 17543 6684 6255 4286 10137 18748 4209 2655 7264 1509 10818 584 3128 1703 11477 3182 1345 3763 8093 11165 8172 6743 5049 8533 5669 2011 1285 1412 353 4060 10884 18341 14089 40 4168 17305 7687 985 6276 10691 11184 2934 1716 16872 12531 8 9994 14664 6785 3641 9756 9815 11549 15570 10989 9344 10757 2773 9337 9915 10850 9657 17797 4557 13580 5062 9029 2848 6913 11248 17135 2531 11464 11192 1952 6787 6080 10720 11501 3435 11278 5837 109 17337 10278 2403 18725 13090 18330 10460 2996 7400 13633 3338 17760 2234 18857 16143 5664 14763 10848 5721 3658 7958 13855 16898 8288 15697 312 5992 8791 1167 8065 14537 1352 2428 673 3330 18778 10676 4762 12936 14 12164 9367 2471 3597 548 17400 12794 6415 18291 16315 5932 18318 18996 19822 6861 1162 360 7250 6711 13022 77 11633 17347 17667 5175 7299 1478 7266 781 11069 17649 7359 12198 6972 4232 6500 7523 14096 12417 7308 8367 13931 3840 881 982 9932 1937 8536 7234 18247 2503 2651 157 17271 1460 2455 2594 1287 15944 5911 8165 10140 17166 2912 12422 9159 3460 17725 656 11242 4762 19118 9624 2568 5678 9485 12562 9394 19174 9281 6935 7374 4494 8966 7477 8747 19188 5564 6934 2019 1792 9263 5365 5039 9176 12071 1916 12433 2036 1361 9058 10237 17471 3533 10852 9353 878 2328 5699 6359 9668 9789 5309 8033 12550 1624 1423 16164 7962 6058 3530 9903 1126 19172 10995 10701 9255 11149 4993 8785 10577 7094 2386 8194 17766 4224 10541 7975 5912 3212 5662 852 2402 1828 14062 3573 15269 3111 1922 12570 3104 12218 11254 6372 12018 8621 4218 19471 19795 3979 4588 4000 15664 4678 3606 1328 10759 1313 18571 377 452 1536 12733 4769 4250 10221 129 2212 2755 3213 2214 2886 6748 8770 9298 1114 1276 3425 4735 1100 6612 12535 6101 4885 10924 14999 10696 16032 6684 9671 52 16760 3977 6764 18807 5717 1666 17938 7375 9350 1082 10080 3316 2208 4455 9660 10391 10376 4443 16698 5564 2749 2338 6315 6325 19273 412 13475 13248 10570 891 15082 11490 1115 864 1192 10789 4872 4531 9930 3823 2482 3360 17466 12323 4735 1369 10814 348 5894 4104 12687 5800 3450 3028 5725 4515 3252 15223 13888 8629 7845 8318 5314 11853 11227 833 5483 1661 11892 4004 7598 1657 1825 5903 6417 9643 14844 521 11842 218 13198 507 10168 12316 12410 4323 13159 4087 6701 2422 2856 1983 6473 7323 4584 18731 368 11268 14831 17721 2766 207 1556 1061 1387 6525 9119 16229 14319 4529 1567 744 11605 6476 11821 5294 5173 1447 224 10922 7757 3345 7058 2838 18640 10315 6322 4950 2833 1057 8331 273 16433 7306 17173 8076 1735 4547 12283 13576 9583 13895 10796 11294 3158 5266 7622 5464 18532 5816 7743 2291 11115 9760 4310 10195 12239 5893 5945 261 12247 18895 19608 2236 10931 17358 17961 11205 13389 2488 989 9260 18932 7012 14019 10932 9223 14407 7611 6866 2847 15661 222 12394 16960 13243 6956 9132 1505 16707 2549 5809 19417 11144 652 4306 7244 307 2185 3112 6198 2678 5917 5866 3607 9088 7707 1187 6656 7393 5732 9618 18653 14336 16916 17895 6499 8569 5708 3580 9148 8827 17215 12433 7248 5666 9056 14955 5461 5681 4555 11694 11034 10643 5043 10361 3952 8755 12012 7746 6106 11993 17690 1618 3895 3079 7993 6851 7501 4787 4110 19704 4216 15142 14701 669 6899 10134 9708 1504 15846 13664 9001 3470 1488 648 7479 6417 3254 14228 1838 457 6477 11943 10323 11306 8388 2715 11141 9781 10454 14145 18538 2522 398 11964 1753 7981 10555 17115 5865 4584 6070 4023 15897 1888 10481 1229 9633 14859 16674 18845 8537 11633 13232 12482 3304 5968 4893 17492 2192 1366 12405 15931 10968 4825 7094 9653 7097 15994 5887 11755 

