30

4
2 3
4 1
2 4
1 3

4
0 0
4 1
0 2
0 3

5
0 0
0 1
0 1
0 2
0 4

37
0 0
1 0
7 0
5 0
3 0
3 4
5 6
0 0
8 37
8 0
9 10
0 0
14 0
11 0
16 24
23 0
24 0
0 0
33 27
0 0
36 0
21 20
0 0
20 0
31 12
32 10
0 0
18 22
22 0
37 0
27 0
12 20
0 0
33 0
31 0
0 0
0 0

39
2 0
1 0
8 0
3 25
3 24
4 5
0 0
34 20
22 21
7 0
5 0
0 0
31 0
0 0
0 0
12 0
0 0
33 26
0 0
0 0
14 18
17 0
27 32
0 0
12 0
0 0
15 26
0 0
4 28
10 8
16 0
0 0
6 0
19 0
37 36
37 35
36 35
0 0
0 0

14
2 0
1 0
0 0
3 0
3 0
4 5
4 0
3 0
13 0
0 0
13 14
0 0
9 0
11 9

34
0 0
1 10
1 0
2 3
18 29
7 14
26 0
22 4
0 0
19 0
27 0
0 0
11 1
19 12
2 0
0 0
26 0
9 0
23 0
0 0
4 0
16 0
0 0
21 0
15 20
0 0
0 0
27 0
19 0
0 0
30 0
0 0
32 0
0 0

39
4 0
0 0
6 4
0 0
4 0
0 0
5 0
6 2
35 0
0 0
21 36
0 0
23 0
22 0
0 0
18 14
29 0
0 0
0 0
30 0
26 0
32 23
0 0
9 0
9 12
30 32
0 0
29 34
16 0
0 0
17 0
33 0
15 0
27 19
39 0
0 0
10 23
18 0
14 0

19
2 0
1 0
19 0
18 0
0 0
9 3
14 0
0 0
16 0
14 0
5 0
13 7
3 0
9 6
6 0
18 0
0 0
10 0
18 0

25
5 8
0 0
0 0
0 0
11 0
0 0
8 0
0 0
10 6
2 4
9 3
25 0
20 24
19 0
18 0
20 0
21 0
16 0
12 0
12 0
14 0
18 0
13 0
0 0
0 0

51
2 0
1 0
0 0
7 0
0 0
5 4
6 3
10 0
8 10
9 8
0 0
11 0
11 0
12 13
0 0
0 0
0 0
0 0
0 0
0 0
0 0
0 0
0 0
0 0
0 0
0 0
0 0
0 0
0 0
0 0
0 0
0 0
0 0
0 0
0 0
0 0
0 0
0 0
0 0
0 0
0 0
0 0
0 0
0 0
0 0
0 0
0 0
0 0
0 0
0 0
0 0

74
5 0
1 0
1 0
2 3
0 0
1 0
0 0
7 0
7 23
8 9
24 0
21 0
0 0
8 21
19 0
18 0
0 0
0 0
18 7
25 0
0 0
14 13
17 0
7 0
14 0
0 0
26 0
26 0
27 28
0 0
0 0
0 0
0 0
0 0
0 0
0 0
0 0
0 0
0 0
0 0
0 0
0 0
0 0
0 0
0 0
0 0
0 0
0 0
0 0
0 0
0 0
0 0
0 0
0 0
0 0
0 0
0 0
0 0
0 0
0 0
0 0
0 0
0 0
0 0
0 0
0 0
0 0
0 0
0 0
0 0
0 0
0 0
0 0
0 0

53
17 19
1 18
1 0
2 3
13 8
26 0
0 0
28 6
4 0
11 0
15 0
0 0
0 0
12 0
28 23
15 21
14 0
20 0
0 0
0 0
0 0
14 0
0 0
30 0
12 24
7 0
7 0
0 0
9 23
0 0
41 37
31 35
31 0
32 33
0 0
47 0
42 0
0 0
41 0
0 0
38 0
0 0
35 40
31 0
46 44
0 0
40 0
0 0
0 0
0 0
0 0
0 0
0 0

59
2 0
1 0
0 0
0 0
4 0
4 0
5 6
6 0
0 0
9 0
9 21
10 11
0 0
9 0
9 0
0 0
26 0
0 0
27 0
21 0
0 0
14 0
18 24
11 0
14 13
15 0
16 22
29 30
0 0
0 0
0 0
30 28
32 28
32 33
0 0
0 0
0 0
0 0
0 0
0 0
0 0
0 0
0 0
0 0
0 0
0 0
0 0
0 0
0 0
0 0
0 0
0 0
0 0
0 0
0 0
0 0
0 0
0 0
0 0

50
0 0
1 0
1 0
2 3
23 0
12 0
9 0
5 7
24 0
4 6
17 23
13 15
0 0
30 0
0 0
18 25
0 0
0 0
10 0
19 27
3 0
4 0
18 21
0 0
0 0
0 0
0 0
4 0
19 0
26 23
0 0
31 0
0 0
33 0
34 0
0 0
0 0
0 0
0 0
0 0
0 0
0 0
0 0
0 0
0 0
0 0
0 0
0 0
0 0
0 0

84
28 0
14 0
13 22
0 0
8 28
2 0
0 0
0 0
7 0
28 22
21 0
0 0
18 0
16 0
7 0
4 0
0 0
9 12
7 0
3 0
18 0
25 30
12 0
15 0
0 0
21 0
4 0
0 0
5 0
16 17
33 0
28 0
5 0
46 0
39 0
0 0
35 0
46 39
0 0
0 0
48 0
41 0
44 0
0 0
35 0
44 40
35 0
44 36
68 0
0 0
74 0
62 0
74 55
73 0
0 0
71 0
61 0
71 0
62 55
77 52
78 0
63 49
0 0
59 0
59 50
64 0
0 0
76 0
0 0
61 67
59 0
75 0
71 0
69 0
77 0
0 0
70 0
0 0
51 0
81 0
0 0
80 0
80 0
0 0

52
2 0
1 0
38 25
47 39
50 10
30 0
28 0
34 43
14 40
7 0
42 0
19 40
38 30
21 39
26 7
41 34
33 0
41 0
39 43
43 26
26 4
46 12
12 5
33 38
0 0
0 0
30 0
19 51
32 17
6 9
20 0
20 0
44 0
19 8
38 0
16 9
36 14
44 0
37 50
29 0
35 14
27 0
37 30
22 18
19 0
45 19
6 19
21 0
0 0
8 21
25 26
0 0

188
2 0
1 0
0 0
3 52
3 0
4 5
17 0
39 12
17 30
0 0
26 0
0 0
32 53
32 0
33 0
0 0
4 0
56 0
0 0
13 0
39 0
0 0
11 0
50 35
62 64
50 56
0 0
0 0
15 49
27 0
48 66
0 0
17 0
22 0
0 0
5 60
21 0
25 0
0 0
43 0
49 0
24 21
0 0
9 10
0 0
5 0
56 0
67 43
0 0
0 0
67 0
0 0
0 0
52 0
67 10
0 0
19 0
16 0
22 0
0 0
48 0
17 28
5 0
22 14
45 17
16 0
24 0
5 0
19 49
103 97
102 0
99 95
91 0
0 0
71 92
81 103
0 0
89 0
83 76
76 98
79 0
70 84
87 76
95 74
90 104
103 87
97 0
79 0
83 85
71 76
75 103
104 79
71 74
85 79
0 0
72 104
104 88
77 76
76 73
89 91
102 93
72 103
72 102
70 80
0 0
0 0
0 0
0 0
0 0
0 0
0 0
0 0
0 0
0 0
0 0
0 0
0 0
0 0
0 0
0 0
0 0
0 0
0 0
0 0
0 0
0 0
0 0
0 0
0 0
0 0
0 0
0 0
0 0
0 0
0 0
0 0
0 0
0 0
0 0
0 0
0 0
0 0
0 0
0 0
0 0
0 0
0 0
0 0
0 0
0 0
0 0
0 0
0 0
0 0
0 0
0 0
0 0
0 0
0 0
0 0
0 0
0 0
0 0
0 0
0 0
0 0
0 0
0 0
0 0
0 0
0 0
0 0
0 0
0 0
0 0
0 0
0 0
0 0
0 0
0 0
0 0
0 0
0 0
0 0
0 0
0 0
0 0
0 0

228
0 0
1 0
25 4
32 0
79 0
0 0
11 0
24 0
0 0
98 0
22 0
73 0
88 29
57 15
45 96
64 0
84 0
32 0
0 0
113 40
108 97
92 0
70 63
0 0
96 17
51 0
0 0
69 0
86 77
67 17
10 119
36 44
93 0
70 0
82 0
78 75
106 49
23 0
19 0
26 16
52 12
36 0
53 0
50 116
98 10
68 80
10 43
66 6
0 0
108 82
86 0
50 0
0 0
101 0
36 0
107 0
10 21
76 85
61 32
0 0
116 0
0 0
113 0
50 0
23 54
91 0
29 0
103 0
62 0
25 71
0 0
101 0
69 0
78 0
31 46
0 0
41 102
89 48
0 0
27 86
92 45
0 0
36 0
55 0
42 80
80 0
0 0
0 0
13 29
40 94
0 0
14 58
0 0
33 63
50 117
81 0
59 92
0 0
86 10
18 0
0 0
28 58
0 0
91 39
83 0
55 0
23 114
97 93
106 23
0 0
23 0
0 0
74 0
7 0
118 0
29 117
0 0
0 0
3 105
125 126
120 0
120 127
121 122
0 0
0 0
0 0
124 0
0 0
128 0
128 0
129 130
135 0
135 0
131 0
136 0
131 0
0 0
0 0
0 0
0 0
0 0
0 0
0 0
0 0
0 0
0 0
0 0
0 0
0 0
0 0
0 0
0 0
0 0
0 0
0 0
0 0
0 0
0 0
0 0
0 0
0 0
0 0
0 0
0 0
0 0
0 0
0 0
0 0
0 0
0 0
0 0
0 0
0 0
0 0
0 0
0 0
0 0
0 0
0 0
0 0
0 0
0 0
0 0
0 0
0 0
0 0
0 0
0 0
0 0
0 0
0 0
0 0
0 0
0 0
0 0
0 0
0 0
0 0
0 0
0 0
0 0
0 0
0 0
0 0
0 0
0 0
0 0
0 0
0 0
0 0
0 0
0 0
0 0
0 0
0 0
0 0
0 0
0 0
0 0
0 0
0 0
0 0
0 0
0 0
0 0
0 0
0 0
0 0

238
6 0
1 0
1 0
2 3
7 2
0 0
0 0
65 0
8 0
8 0
9 10
0 0
117 0
40 0
144 0
14 0
0 0
0 0
105 35
89 0
70 0
0 0
56 101
120 0
28 0
31 0
38 66
75 97
8 0
55 131
0 0
86 0
129 0
0 0
0 0
17 68
115 65
0 0
115 0
46 67
12 136
0 0
34 17
42 137
55 31
0 0
0 0
0 0
18 0
9 0
134 0
108 0
102 0
106 0
63 0
0 0
88 0
130 0
0 0
123 0
0 0
141 0
145 0
132 146
0 0
36 0
0 0
110 42
52 0
52 0
110 94
16 0
75 0
35 57
52 120
125 0
137 0
0 0
136 20
38 0
90 0
132 43
128 0
135 143
143 104
0 0
98 33
114 0
0 0
142 43
59 0
54 0
146 0
0 0
0 0
124 0
66 0
0 0
118 54
103 0
0 0
32 83
0 0
0 0
0 0
0 0
109 140
0 0
100 96
113 0
146 0
74 0
61 0
56 0
0 0
38 0
82 86
56 70
42 0
59 48
30 0
47 0
22 39
102 0
55 0
9 57
71 0
0 0
141 0
43 0
0 0
0 0
8 0
54 0
95 0
107 49
78 0
0 0
118 122
40 0
56 0
0 0
64 0
138 118
137 0
0 0
0 0
147 149
0 0
184 0
150 0
150 155
151 152
0 0
0 0
161 199
198 0
173 0
202 0
0 0
154 182
0 0
0 0
151 185
180 162
150 0
176 197
163 186
196 0
192 0
163 0
0 0
0 0
0 0
172 0
0 0
172 183
177 0
195 184
163 0
167 190
0 0
179 196
154 0
173 174
160 175
174 157
175 0
165 0
0 0
193 0
188 0
173 201
179 0
0 0
0 0
0 0
0 0
0 0
181 161
0 0
187 0
0 0
0 0
204 0
204 0
205 206
0 0
0 0
0 0
0 0
0 0
0 0
0 0
0 0
0 0
0 0
0 0
0 0
0 0
0 0
0 0
0 0
0 0
0 0
0 0
0 0
0 0
0 0
0 0
0 0
0 0
0 0
0 0
0 0
0 0
0 0
0 0

224
0 0
1 0
1 0
2 3
23 0
68 0
34 0
79 0
93 0
2 60
5 28
64 0
0 0
0 0
19 90
85 0
9 0
73 0
0 0
75 0
0 0
0 0
0 0
71 0
0 0
31 0
88 0
0 0
58 11
16 67
0 0
24 22
91 35
26 63
54 0
48 52
11 0
21 0
84 0
44 39
25 86
80 0
18 0
0 0
0 0
74 39
33 0
0 0
38 74
56 15
17 0
35 0
60 0
64 0
30 25
0 0
46 80
31 95
0 0
0 0
72 0
64 0
0 0
0 0
25 0
17 0
0 0
64 0
34 0
79 0
35 0
45 81
63 0
87 54
9 0
35 0
82 0
87 82
58 0
0 0
0 0
0 0
85 0
0 0
59 14
72 0
55 0
35 1
57 0
93 0
92 0
0 0
89 34
83 13
0 0
103 0
96 0
96 0
97 98
99 0
96 121
125 114
118 0
127 0
109 0
110 114
0 0
126 0
101 0
117 104
0 0
105 130
0 0
99 0
0 0
0 0
107 0
0 0
113 125
121 0
0 0
121 111
125 115
96 0
116 0
107 0
0 0
114 0
114 0
0 0
0 0
0 0
0 0
0 0
0 0
137 0
0 0
0 0
0 0
0 0
0 0
0 0
0 0
0 0
0 0
0 0
0 0
0 0
0 0
0 0
0 0
0 0
0 0
0 0
0 0
0 0
0 0
0 0
0 0
0 0
0 0
0 0
0 0
0 0
0 0
0 0
0 0
0 0
0 0
0 0
0 0
0 0
0 0
0 0
0 0
0 0
0 0
0 0
0 0
0 0
0 0
0 0
0 0
0 0
0 0
0 0
0 0
0 0
0 0
0 0
0 0
0 0
0 0
0 0
0 0
0 0
0 0
0 0
0 0
0 0
0 0
0 0
0 0
0 0
0 0
0 0
0 0
0 0
0 0
0 0
0 0
0 0
0 0
0 0
0 0
0 0
0 0
0 0
0 0
0 0
0 0
0 0
0 0
0 0

346
2 0
1 0
0 0
128 108
141 110
55 108
120 59
0 0
0 0
155 0
137 0
13 0
115 0
22 25
0 0
119 0
150 144
93 55
135 41
105 0
156 34
157 60
0 0
55 43
102 0
75 156
124 0
160 0
95 0
0 0
24 114
53 135
13 118
154 105
93 69
34 157
0 0
0 0
15 110
98 0
0 0
33 0
88 55
0 0
48 149
78 110
0 0
106 147
55 107
123 76
0 0
137 50
69 100
0 0
19 0
28 27
135 0
148 125
5 14
55 102
104 50
99 0
70 159
79 0
143 0
31 0
72 158
85 80
68 87
10 0
0 0
28 59
42 145
86 0
33 50
0 0
138 129
91 0
15 0
15 0
147 148
34 0
0 0
115 0
106 0
0 0
0 0
134 0
137 157
4 0
0 0
124 70
102 0
0 0
156 132
148 102
158 34
0 0
15 8
0 0
108 0
5 46
0 0
90 102
70 85
0 0
99 156
3 0
0 0
27 0
0 0
0 0
129 151
0 0
130 90
160 60
0 0
0 0
63 3
16 0
0 0
0 0
92 142
72 61
0 0
96 0
42 0
52 0
70 0
0 0
0 0
8 0
130 11
53 37
0 0
62 0
18 84
73 121
64 71
146 0
114 0
155 0
44 32
76 0
27 160
57 0
73 0
141 118
0 0
8 0
30 53
12 132
155 106
54 0
80 139
146 117
0 0
132 0
0 0
77 0
235 217
239 171
188 0
214 0
171 186
204 229
0 0
183 219
215 216
216 205
203 233
217 174
177 230
163 222
177 0
0 0
218 0
0 0
173 0
0 0
220 204
167 163
234 0
206 0
227 0
202 0
209 0
228 0
196 208
0 0
0 0
218 0
236 0
0 0
168 202
227 0
172 194
208 200
0 0
201 0
0 0
0 0
220 187
0 0
167 234
176 0
218 235
0 0
218 0
0 0
205 227
202 208
228 197
0 0
210 0
182 0
0 0
0 0
237 0
204 0
223 0
172 0
198 192
162 0
0 0
0 0
0 0
0 0
238 0
0 0
184 0
0 0
0 0
0 0
0 0
174 0
182 191
0 0
167 190
202 0
242 243
0 0
261 268
268 0
250 246
253 275
246 0
257 0
271 0
241 268
265 273
255 0
267 257
0 0
262 253
0 0
274 256
266 250
254 0
244 270
257 0
275 272
242 266
249 0
270 0
0 0
266 0
243 275
256 265
257 0
260 0
263 276
0 0
244 273
241 246
251 0
280 304
312 309
283 295
303 285
298 314
300 277
314 308
296 285
291 305
278 288
305 310
296 283
297 282
306 287
311 302
309 298
278 305
284 285
294 306
284 307
311 296
279 292
300 295
304 302
305 280
300 314
298 279
313 289
312 0
286 281
293 297
301 314
305 278
301 282
300 312
279 307
286 301
285 300
322 321
318 315
319 321
319 315
317 316
317 315
316 315
319 320
0 0
323 0
323 0
324 325
324 0
339 337
323 0
325 0
334 0
0 0
328 335
341 0
324 0
325 0
0 0
340 0
0 0
324 332
337 0
327 0
346 345
345 0
343 344
344 0

128
0 0
1 21
1 0
2 3
0 0
5 0
21 0
6 24
19 11
9 0
5 0
0 0
3 0
4 0
3 18
14 0
15 0
0 0
14 0
6 0
22 12
0 0
6 0
0 0
98 0
25 107
25 38
26 27
60 0
54 0
26 81
35 0
59 0
70 0
0 0
26 0
0 0
100 0
31 0
77 0
30 102
106 0
57 93
39 0
54 91
102 0
36 37
0 0
51 77
104 0
0 0
0 0
60 54
68 0
0 0
105 80
32 0
0 0
95 0
0 0
77 86
0 0
81 58
52 0
0 0
62 28
90 76
0 0
0 0
95 0
0 0
95 89
84 0
38 0
87 0
102 0
31 0
106 57
0 0
88 0
0 0
0 0
55 104
79 0
93 0
65 91
42 0
0 0
0 0
99 0
52 69
25 48
56 109
62 82
85 71
61 0
101 0
106 0
84 0
0 0
78 0
0 0
28 0
73 0
0 0
0 0
0 0
51 0
0 0
0 0
110 0
110 0
111 112
118 0
120 0
117 0
121 118
0 0
120 122
0 0
112 0
116 0
0 0
128 0
124 0
124 0
125 126
0 0

337
10 42
1 0
1 0
2 3
0 0
11 0
18 0
62 35
31 0
60 0
23 0
63 0
39 0
62 0
7 0
0 0
40 62
4 0
37 0
55 1
58 0
20 0
37 33
54 63
54 0
16 54
38 32
0 0
8 42
36 0
1 0
16 0
0 0
70 62
0 0
18 28
24 0
0 0
0 0
45 0
11 30
0 0
50 31
39 8
0 0
52 0
23 0
54 0
51 0
0 0
0 0
64 0
3 0
51 0
0 0
21 0
13 0
0 0
54 0
0 0
30 0
5 0
69 0
42 0
39 21
0 0
62 0
56 0
0 0
0 0
66 11
0 0
72 0
72 109
73 74
148 0
102 98
80 0
124 0
138 145
140 0
0 0
0 0
103 0
113 0
82 0
0 0
119 0
0 0
0 0
137 86
101 140
0 0
99 0
123 0
142 0
85 128
0 0
116 153
80 0
0 0
139 147
115 0
141 0
138 0
0 0
113 0
0 0
119 142
0 0
0 0
152 0
0 0
0 0
125 0
113 126
97 0
153 0
89 126
125 0
128 152
87 142
106 130
0 0
0 0
0 0
124 128
130 0
83 77
84 110
89 0
110 0
111 108
115 0
143 91
119 102
76 0
85 0
0 0
144 139
132 0
0 0
0 0
114 0
0 0
100 0
0 0
93 0
135 144
86 0
90 144
108 0
0 0
190 198
154 0
154 0
155 156
182 0
158 0
167 182
172 163
154 0
0 0
184 0
181 0
0 0
184 0
165 0
171 0
196 0
208 0
0 0
202 0
169 0
198 0
194 0
0 0
191 0
185 0
177 0
0 0
206 0
193 171
0 0
183 154
206 194
190 0
176 0
167 0
182 0
190 0
196 202
166 209
0 0
192 197
177 157
0 0
0 0
177 203
204 177
191 0
0 0
0 0
181 0
194 0
0 0
196 163
0 0
0 0
0 0
210 0
210 227
211 212
215 0
216 0
212 0
223 0
225 0
210 0
214 225
218 0
226 224
0 0
0 0
223 0
0 0
224 0
0 0
228 0
228 0
229 230
290 0
265 0
0 0
0 0
258 284
0 0
247 237
0 0
272 0
288 0
234 285
229 0
0 0
231 0
257 0
286 283
289 0
275 0
0 0
256 232
0 0
256 0
265 232
287 0
0 0
285 0
0 0
238 0
0 0
285 0
267 0
286 265
229 263
0 0
234 0
0 0
0 0
239 0
228 285
238 0
262 284
277 0
239 260
290 0
230 0
250 235
258 0
254 0
250 0
269 0
266 0
241 252
268 231
260 0
0 0
289 0
273 244
232 0
0 0
325 0
291 0
291 333
292 293
315 0
334 0
0 0
295 0
331 0
0 0
303 0
0 0
0 0
303 332
309 0
317 0
331 320
315 0
312 0
302 0
317 0
336 321
302 0
0 0
329 0
295 0
307 0
330 0
300 0
0 0
0 0
318 294
310 0
0 0
297 319
304 298
293 314
335 305
0 0
0 0
333 0
0 0
0 0
299 0
298 0
302 327
308 324

467
0 0
1 0
0 0
3 226
3 0
4 5
148 200
201 0
179 0
0 0
257 217
112 0
0 0
237 240
216 0
0 0
74 245
0 0
156 243
269 0
0 0
260 0
101 0
300 0
240 143
118 44
0 0
115 166
120 0
0 0
0 0
0 0
252 105
3 0
0 0
0 0
119 0
129 200
92 0
0 0
258 0
258 0
158 0
0 0
260 0
0 0
128 0
272 0
230 0
242 0
256 0
0 0
162 0
21 50
184 0
167 0
300 0
0 0
122 0
93 241
118 0
92 0
209 0
40 0
135 0
267 0
192 138
225 0
90 0
0 0
87 0
18 0
168 0
252 207
277 0
294 0
272 0
142 0
242 0
62 229
15 52
149 0
0 0
210 40
206 227
79 0
118 0
0 0
88 151
247 0
0 0
0 0
0 0
61 0
0 0
146 0
267 199
72 0
240 58
32 230
193 95
171 25
199 0
111 0
32 0
90 0
233 85
279 218
115 294
86 0
0 0
56 0
107 0
111 0
152 0
15 0
258 0
0 0
274 124
50 0
241 154
214 0
0 0
24 0
0 0
0 0
165 0
270 129
151 0
0 0
171 0
0 0
0 0
0 0
0 0
240 0
239 0
43 181
30 187
148 0
53 173
238 0
0 0
178 292
56 0
111 0
0 0
0 0
38 0
157 0
189 0
0 0
89 0
0 0
241 0
283 0
0 0
13 0
92 0
0 0
242 10
68 0
126 111
133 0
51 221
0 0
19 0
200 0
177 273
231 0
0 0
0 0
0 0
290 91
50 31
0 0
0 0
296 0
0 0
162 0
0 0
0 0
118 0
290 0
0 0
287 125
0 0
61 34
0 0
76 0
0 0
176 33
15 294
109 70
86 279
130 100
134 0
193 123
292 191
4 30
0 0
35 247
293 72
231 0
0 0
0 0
0 0
75 288
0 0
288 0
233 0
40 281
273 0
36 157
90 0
0 0
0 0
0 0
108 0
211 0
259 0
23 284
47 248
230 0
0 0
123 210
0 0
77 16
0 0
0 0
46 83
74 0
115 0
128 179
0 0
240 0
269 0
14 160
89 304
12 0
248 0
0 0
0 0
133 0
247 0
249 0
159 0
96 185
50 84
190 0
172 0
253 63
286 288
273 0
275 0
86 132
31 174
134 96
182 0
147 0
51 0
10 0
54 0
150 0
79 244
46 0
0 0
258 0
0 0
135 0
112 0
205 0
0 0
294 0
40 125
0 0
0 0
0 0
0 0
17 0
0 0
36 144
235 0
273 0
192 276
12 0
0 0
0 0
222 22
27 0
57 0
189 278
302 0
0 0
176 53
0 0
228 181
280 0
73 0
201 0
280 231
28 0
251 200
0 0
350 0
305 311
305 319
306 307
0 0
309 0
327 0
335 0
358 0
311 0
326 0
344 0
321 346
339 336
325 0
0 0
352 0
312 0
0 0
342 0
309 0
354 0
357 0
0 0
344 332
344 0
349 0
338 0
342 0
323 0
307 0
0 0
356 0
339 320
0 0
311 0
335 328
317 0
0 0
0 0
341 0
0 0
345 326
334 322
0 0
343 0
342 311
0 0
349 345
358 318
315 0
347 0
0 0
0 0
0 0
359 0
359 0
360 361
361 0
0 0
364 0
364 388
365 366
367 410
413 374
0 0
385 0
414 391
397 364
398 394
369 0
401 396
402 0
407 0
0 0
0 0
377 0
0 0
370 411
407 367
399 392
399 389
391 412
394 0
0 0
0 0
382 384
379 390
404 414
0 0
411 0
0 0
406 0
0 0
0 0
0 0
403 0
400 385
380 0
0 0
401 0
0 0
379 0
403 0
367 376
0 0
388 0
0 0
0 0
0 0
0 0
419 417
0 0
415 0
417 416
432 0
420 427
420 0
421 422
441 0
460 428
0 0
0 0
438 0
0 0
443 0
422 0
0 0
0 0
442 0
429 0
427 0
0 0
0 0
445 0
450 431
440 0
462 0
0 0
425 0
431 0
0 0
431 460
0 0
464 0
0 0
449 467
448 423
433 0
433 0
460 466
430 426
426 0
429 422
458 0
437 456
440 0
446 0
454 456
0 0
461 0
434 0
442 0

673
2 0
1 0
175 157
227 0
46 0
204 0
0 0
0 0
58 184
0 0
156 0
244 0
0 0
108 54
29 222
47 0
172 53
83 0
96 0
100 55
65 78
0 0
220 0
96 0
127 106
185 0
0 0
9 152
27 0
0 0
152 46
0 0
193 165
74 115
0 0
53 233
119 0
47 140
0 0
0 0
130 155
68 207
38 77
177 0
239 172
231 0
106 0
35 36
126 139
0 0
0 0
188 0
120 0
194 126
0 0
209 0
240 0
0 0
0 0
187 0
0 0
0 0
13 82
36 0
0 0
73 149
0 0
42 161
0 0
194 0
34 0
3 64
0 0
100 153
0 0
136 131
156 0
0 0
32 0
236 203
150 0
0 0
0 0
20 171
188 0
0 0
0 0
93 148
0 0
121 0
66 0
0 0
46 0
40 0
135 156
0 0
27 0
211 0
46 143
122 0
46 124
66 0
181 0
208 117
192 232
38 0
0 0
137 0
202 204
108 135
0 0
18 228
15 0
210 211
0 0
0 0
140 179
45 0
59 0
8 0
87 0
89 0
154 0
0 0
170 0
28 0
85 47
127 0
168 61
169 103
0 0
140 0
0 0
201 0
126 0
0 0
0 0
0 0
0 0
0 0
146 0
0 0
0 0
103 0
214 0
219 0
228 57
0 0
105 0
90 7
0 0
12 0
127 0
230 110
97 140
187 61
241 0
0 0
94 0
198 93
0 0
207 132
183 0
0 0
138 0
0 0
79 36
117 110
197 127
0 0
0 0
158 242
20 0
55 0
169 149
178 0
37 0
215 0
10 0
44 0
74 0
0 0
38 0
0 0
0 0
48 0
244 0
120 0
75 224
211 0
178 33
0 0
0 0
85 0
0 0
214 134
0 0
67 0
92 0
78 0
14 0
0 0
126 242
0 0
34 96
0 0
0 0
236 30
62 0
121 0
0 0
105 0
70 8
0 0
0 0
147 0
20 200
39 201
0 0
0 0
200 241
211 0
0 0
5 0
145 61
0 0
18 80
30 0
239 0
12 0
199 0
207 0
116 0
101 0
182 88
214 233
79 0
0 0
71 59
166 0
72 207
29 243
224 0
222 127
0 0
429 0
550 0
0 0
305 377
274 0
494 374
403 422
335 450
440 0
0 0
375 431
300 449
363 401
488 316
547 0
257 466
286 0
352 419
0 0
517 369
439 493
284 0
0 0
0 0
0 0
406 285
486 521
473 338
280 0
518 0
368 0
491 299
525 446
251 0
398 382
294 0
503 0
271 392
439 0
354 0
0 0
255 297
541 0
372 267
419 415
519 0
282 0
449 413
463 541
340 368
302 0
339 0
384 414
480 511
483 403
430 0
278 462
323 403
320 0
256 291
322 505
316 427
0 0
370 420
495 0
437 544
359 413
410 317
0 0
538 0
0 0
349 500
420 325
458 326
361 540
0 0
440 549
525 0
259 402
246 534
411 337
0 0
536 0
409 0
484 464
508 296
287 370
291 0
268 0
264 380
314 398
363 371
358 480
529 0
302 352
303 433
346 310
321 264
0 0
350 515
284 368
289 538
0 0
376 517
443 0
345 326
0 0
273 0
0 0
329 0
364 0
448 374
352 0
502 306
367 414
0 0
489 480
420 0
292 496
331 0
0 0
484 539
0 0
298 463
394 305
277 0
475 501
398 368
0 0
488 447
354 469
541 0
395 349
513 0
306 459
366 0
299 309
491 534
448 260
526 507
358 0
400 0
254 499
505 347
406 418
450 308
494 530
475 298
434 448
0 0
456 327
311 531
266 330
466 374
277 488
0 0
379 308
0 0
517 342
432 394
0 0
480 260
407 409
288 294
456 290
536 250
292 315
459 0
0 0
464 275
271 309
334 339
450 0
452 0
530 504
373 515
360 0
439 373
413 332
363 338
531 326
275 470
370 474
447 515
442 520
542 525
395 412
488 0
270 0
470 296
365 0
0 0
401 0
316 338
280 353
531 418
357 483
459 0
493 447
405 0
482 0
0 0
262 0
261 547
381 548
415 330
357 542
448 506
384 439
319 480
0 0
0 0
387 328
410 252
257 249
0 0
263 0
255 446
423 0
493 0
525 320
526 315
481 282
488 0
382 356
344 414
0 0
391 0
298 277
347 491
456 526
339 316
328 341
421 0
398 482
398 0
246 496
496 412
495 412
539 395
463 249
457 0
525 545
397 508
273 265
486 0
444 0
425 278
457 544
280 0
531 425
0 0
274 0
463 275
467 297
314 0
493 353
318 310
0 0
331 0
256 403
428 478
549 0
0 0
390 456
354 386
304 366
0 0
539 0
395 420
276 384
452 284
0 0
378 477
255 284
332 0
385 475
456 445
368 0
448 288
518 292
545 518
509 261
268 0
404 0
313 371
280 517
441 469
255 0
377 477
337 461
453 299
394 0
255 505
300 343
308 0
451 0
0 0
330 461
0 0
0 0
438 0
247 0
381 0
313 285
0 0
551 568
551 555
552 553
0 0
582 579
566 0
0 0
581 562
574 0
0 0
0 0
0 0
0 0
575 0
573 0
564 561
0 0
566 0
575 0
555 581
587 0
584 0
562 0
576 0
559 0
554 0
581 0
558 0
555 0
572 0
586 0
588 0
586 563
555 569
564 0
0 0
574 0
0 0
600 599
601 598
600 0
595 596
603 593
0 0
603 0
598 600
603 601
600 0
595 601
590 591
595 599
595 602
605 0
604 0
605 0
0 0
0 0
610 0
609 0
0 0
0 0
0 0
0 0
0 0
0 0
0 0
0 0
0 0
0 0
0 0
0 0
0 0
0 0
0 0
0 0
0 0
0 0
0 0
0 0
0 0
0 0
0 0
0 0
0 0
0 0
0 0
0 0
0 0
0 0
0 0
0 0
0 0
0 0
0 0
0 0
0 0
0 0
0 0
0 0
0 0
0 0
0 0
0 0
0 0
0 0
0 0
0 0
0 0
0 0
0 0
0 0
0 0
0 0
0 0
0 0
0 0
0 0
0 0
0 0
0 0
0 0
0 0

710
0 0
1 0
0 0
3 0
3 399
4 5
250 0
0 0
178 396
0 0
316 290
34 459
118 0
27 0
394 439
255 62
0 0
399 101
147 0
271 0
0 0
0 0
145 0
348 79
261 41
304 0
137 0
284 0
194 0
478 96
0 0
53 0
0 0
212 0
0 0
305 217
401 0
0 0
146 0
0 0
0 0
164 78
475 0
0 0
35 282
44 0
419 0
55 200
0 0
264 0
0 0
0 0
76 407
108 0
0 0
0 0
233 0
262 0
456 0
0 0
285 0
0 0
255 0
0 0
9 460
0 0
282 0
185 162
322 87
295 0
260 0
201 0
179 334
281 0
68 0
148 0
239 284
0 0
292 22
413 411
311 125
349 102
92 0
46 0
138 0
152 10
454 488
348 92
376 29
466 0
459 0
98 0
171 0
301 159
0 0
369 0
213 196
461 0
0 0
0 0
166 0
298 249
221 404
0 0
0 0
318 150
0 0
56 0
293 0
8 0
415 0
317 89
359 482
65 23
0 0
0 0
309 129
90 81
0 0
0 0
130 0
324 0
46 0
297 0
0 0
371 0
451 95
0 0
458 259
191 355
230 0
319 0
414 218
0 0
95 199
284 0
391 59
389 0
412 0
90 0
60 146
196 0
144 165
0 0
228 136
0 0
17 0
0 0
361 0
247 177
0 0
0 0
27 257
413 0
420 0
137 186
0 0
0 0
38 0
183 0
389 0
0 0
487 297
0 0
434 479
343 169
0 0
481 0
0 0
352 119
400 0
0 0
380 0
130 0
394 99
145 0
51 0
0 0
123 0
418 147
0 0
270 0
42 0
0 0
397 0
0 0
81 436
260 186
382 334
133 0
0 0
459 0
427 469
274 74
478 0
0 0
446 0
255 0
486 158
0 0
447 348
447 0
303 12
397 0
0 0
174 278
389 0
408 0
258 0
479 0
0 0
493 0
444 389
248 181
0 0
242 0
162 107
89 0
60 0
36 0
0 0
0 0
500 337
256 341
0 0
206 0
270 0
0 0
380 0
45 0
484 442
60 0
208 0
403 0
0 0
479 401
199 0
63 421
0 0
272 0
408 0
284 0
459 232
133 0
217 0
232 0
0 0
104 0
495 371
13 354
358 0
235 0
493 0
147 52
164 0
348 134
0 0
36 0
0 0
0 0
269 0
8 0
456 0
301 0
413 0
171 0
0 0
404 0
169 0
0 0
190 0
43 137
223 0
0 0
0 0
251 0
0 0
205 0
116 84
429 0
0 0
0 0
267 0
0 0
493 361
240 32
192 100
173 93
166 0
0 0
147 0
0 0
74 64
0 0
0 0
186 390
176 85
0 0
49 255
317 0
252 0
157 295
0 0
0 0
0 0
155 298
3 0
369 0
152 330
161 0
167 0
304 184
33 3
55 0
0 0
485 70
427 0
204 0
56 347
224 393
42 0
391 0
257 0
282 0
198 0
42 0
400 0
0 0
492 0
320 0
339 0
115 0
371 0
0 0
12 0
0 0
104 0
202 0
0 0
181 0
226 429
207 0
215 0
19 21
0 0
68 0
0 0
413 0
54 191
118 0
70 0
0 0
457 240
170 256
31 0
481 0
159 0
423 0
123 0
453 0
294 0
117 283
0 0
0 0
488 0
438 499
0 0
0 0
0 0
207 0
0 0
180 172
490 0
332 0
411 0
0 0
0 0
6 0
69 453
0 0
59 252
0 0
288 0
252 19
153 0
235 0
76 0
353 0
300 0
302 0
0 0
186 200
0 0
0 0
464 0
492 128
377 0
501 0
230 0
0 0
0 0
159 0
105 0
155 312
225 368
0 0
345 0
180 0
379 0
5 0
481 313
230 0
0 0
0 0
363 0
277 83
400 374
0 0
244 0
105 0
0 0
175 0
85 0
275 361
284 0
250 0
498 258
304 0
0 0
151 86
112 0
372 211
18 0
222 44
51 0
0 0
367 229
0 0
0 0
0 0
419 0
0 0
317 0
168 0
25 339
341 0
120 0
3 0
43 91
175 0
501 225
463 489
0 0
415 99
429 0
417 0
0 0
0 0
0 0
315 0
0 0
346 0
0 0
0 0
237 0
0 0
255 471
192 0
0 0
176 0
66 207
387 142
128 0
366 0
0 0
374 440
366 336
119 395
117 0
328 77
0 0
0 0
98 0
227 0
0 0
0 0
0 0
0 0
357 0
400 0
126 0
0 0
0 0
364 82
0 0
433 0
406 329
0 0
127 391
404 0
8 270
158 40
292 0
511 0
0 0
612 573
548 539
0 0
606 0
537 552
542 0
605 584
0 0
601 577
510 0
0 0
0 0
0 0
600 585
504 0
525 602
0 0
580 569
597 611
533 0
614 607
0 0
574 570
582 556
513 0
589 0
589 0
563 0
617 0
507 584
0 0
0 0
537 0
622 537
542 0
537 0
558 565
554 536
585 0
0 0
510 525
555 0
555 614
596 592
588 0
540 0
579 0
592 0
510 0
558 538
583 551
0 0
529 626
0 0
0 0
591 507
0 0
0 0
0 0
629 0
545 593
0 0
550 0
571 0
582 0
512 0
605 624
534 0
615 605
599 0
610 544
0 0
618 599
577 540
563 0
548 0
0 0
0 0
602 0
554 0
607 561
558 603
601 594
0 0
585 518
565 564
603 0
0 0
585 505
610 569
606 605
520 612
576 0
0 0
610 0
616 525
589 614
576 545
0 0
544 562
602 543
0 0
578 0
504 603
549 0
0 0
511 558
629 0
590 0
514 531
590 0
567 0
630 0
0 0
541 506
527 0
521 0
0 0
568 0
533 558
526 0
0 0
541 0
618 585
621 597
632 0
631 0
0 0
635 0
633 0
637 0
636 0
0 0
0 0
0 0
0 0
0 0
0 0
0 0
0 0
0 0
0 0
0 0
0 0
0 0
0 0
0 0
0 0
0 0
0 0
0 0
0 0
0 0
0 0
0 0
0 0
0 0
0 0
0 0
0 0
0 0
0 0
0 0
0 0
0 0
0 0
0 0
0 0
0 0
0 0
0 0
0 0
0 0
0 0
0 0
0 0
0 0
0 0
0 0
0 0
0 0
0 0
0 0
0 0
0 0
0 0
0 0
0 0
0 0
0 0
0 0
0 0
0 0
0 0
0 0
0 0
0 0
0 0
0 0
0 0
0 0
0 0
0 0
0 0
0 0

606
0 0
1 395
1 204
2 3
0 0
51 0
324 99
408 268
327 328
344 21
109 0
96 0
0 0
334 0
0 0
0 0
368 0
324 416
0 0
19 0
0 0
304 151
0 0
0 0
401 0
319 0
0 0
340 0
276 226
24 306
161 0
338 0
141 0
0 0
1 0
0 0
31 271
361 0
402 0
172 300
363 34
291 82
142 0
148 0
55 0
334 0
279 316
0 0
278 256
353 0
415 0
158 0
369 354
298 378
18 440
0 0
222 0
84 0
0 0
400 0
209 0
83 37
236 0
107 0
0 0
0 0
407 0
419 0
230 0
148 0
300 0
0 0
0 0
0 0
0 0
102 0
62 202
388 390
72 279
87 0
431 0
401 0
0 0
56 281
19 87
103 363
0 0
265 0
414 0
0 0
430 0
243 0
389 113
198 0
312 365
207 0
105 191
0 0
0 0
0 0
0 0
0 0
0 0
384 0
0 0
429 0
183 168
18 430
0 0
0 0
10 0
133 0
442 0
442 0
203 269
66 0
51 0
30 0
330 254
187 405
351 0
209 0
345 0
341 392
418 0
118 0
0 0
215 227
201 0
422 0
264 421
361 388
305 314
311 439
361 394
0 0
262 0
0 0
269 0
0 0
443 0
247 0
250 0
0 0
290 186
233 0
220 365
0 0
0 0
161 357
313 63
56 0
406 0
436 0
0 0
108 0
436 0
431 0
165 394
267 81
166 88
419 106
0 0
149 307
0 0
0 0
0 0
0 0
0 0
0 0
0 0
0 0
210 0
0 0
409 98
254 0
257 0
386 398
9 140
0 0
0 0
0 0
285 0
213 193
150 0
0 0
0 0
369 349
94 0
397 17
210 0
244 0
434 382
288 0
403 0
246 387
302 0
137 0
151 90
268 0
425 288
293 0
324 268
127 0
200 0
33 315
0 0
0 0
188 15
5 0
280 0
329 0
340 125
213 0
0 0
0 0
0 0
69 197
391 17
353 0
389 0
0 0
122 326
144 0
124 0
0 0
0 0
181 153
349 0
123 0
0 0
304 0
322 36
0 0
313 65
101 0
396 0
136 57
121 0
357 0
333 0
0 0
345 0
363 0
45 0
0 0
0 0
344 75
150 0
135 0
121 411
0 0
242 0
0 0
0 0
0 0
66 0
362 290
153 438
405 138
170 0
44 0
361 0
63 425
0 0
380 0
0 0
0 0
110 0
354 0
167 0
366 0
308 212
73 37
269 0
82 66
0 0
76 3
4 214
0 0
413 399
294 334
191 0
154 435
37 184
392 0
160 0
0 0
390 0
144 42
27 16
155 210
191 0
124 0
112 0
318 0
0 0
0 0
0 0
271 0
361 0
437 0
109 122
0 0
0 0
309 414
360 347
54 217
360 342
274 344
13 0
0 0
0 0
0 0
0 0
317 335
0 0
21 0
247 0
369 112
438 0
110 74
159 391
413 0
124 113
0 0
259 297
145 262
0 0
0 0
393 428
266 0
0 0
398 0
0 0
321 0
420 26
250 0
241 111
432 0
182 0
252 0
41 0
0 0
0 0
188 23
0 0
377 0
130 0
28 0
0 0
7 0
175 0
0 0
23 0
105 0
216 231
222 0
331 0
0 0
0 0
81 69
154 375
190 0
0 0
323 0
191 0
0 0
376 0
0 0
115 0
180 344
19 273
0 0
0 0
100 0
266 61
260 0
119 305
0 0
0 0
195 277
317 0
31 0
382 0
0 0
141 0
211 208
234 0
374 0
0 0
0 0
0 0
170 0
0 0
49 131
0 0
0 0
0 0
0 0
0 0
401 0
0 0
98 381
0 0
0 0
154 255
370 400
209 0
290 0
151 0
200 0
0 0
0 0
354 0
0 0
433 0
0 0
173 215
248 48
174 0
0 0
329 69
244 163
439 12
222 21
416 169
115 0
0 0
0 0
242 0
0 0
204 299
360 0
367 0
0 0
0 0
59 0
70 0
171 274
135 76
73 346
169 0
0 0
444 495
444 518
445 446
455 0
494 0
534 0
0 0
540 545
525 0
458 0
0 0
475 0
0 0
538 0
526 0
0 0
0 0
467 0
479 0
0 0
484 0
0 0
457 552
459 489
445 0
0 0
502 0
513 0
489 0
532 0
461 0
0 0
511 0
465 558
520 0
540 0
461 0
451 0
511 524
0 0
498 0
0 0
449 0
0 0
476 0
476 530
0 0
0 0
549 470
514 0
0 0
0 0
475 0
531 488
483 489
458 0
492 0
0 0
499 0
525 486
518 476
464 0
520 0
517 468
533 473
556 0
0 0
526 0
556 0
0 0
519 460
0 0
0 0
0 0
537 448
514 451
496 0
506 0
482 0
0 0
491 0
506 0
496 553
0 0
525 468
0 0
510 501
553 0
0 0
479 0
543 0
510 0
539 0
466 498
461 0
0 0
447 535
503 0
0 0
554 0
516 0
515 0
490 502
452 0
478 489
498 0
515 0
503 0
514 519
452 476
515 488
528 544
519 0
0 0
0 0
559 0
559 0
560 561
0 0
563 0
563 0
564 565
568 0
0 0
568 0
566 0
570 0
567 0
563 569
0 0
0 0
0 0
0 0
0 0
0 0
0 0
0 0
0 0
0 0
0 0
0 0
0 0
0 0
0 0
0 0
0 0
0 0
0 0
0 0
0 0
0 0
0 0
0 0
0 0
0 0
0 0
0 0
0 0
0 0
0 0
0 0
0 0

588
0 0
0 0
193 378
21 521
98 0
0 0
473 0
39 0
0 0
222 194
0 0
127 0
127 462
0 0
271 0
27 514
0 0
366 0
153 64
101 0
0 0
28 164
434 0
0 0
379 442
0 0
409 0
0 0
16 0
40 381
328 0
293 430
0 0
176 0
162 0
359 0
498 0
483 0
504 0
0 0
445 466
0 0
0 0
0 0
198 148
19 233
214 0
14 0
497 202
0 0
0 0
0 0
0 0
139 0
499 491
366 134
435 0
0 0
146 0
127 0
288 0
114 0
347 253
27 0
519 450
298 0
211 0
167 0
383 0
314 0
310 429
146 0
375 0
318 0
212 0
0 0
446 0
0 0
0 0
194 0
0 0
338 0
126 0
372 26
489 0
401 0
0 0
507 125
117 0
0 0
51 0
422 33
347 495
482 0
65 0
466 0
252 448
193 0
0 0
2 455
8 0
0 0
361 0
0 0
424 0
0 0
63 0
130 450
256 508
497 0
282 0
166 466
237 0
137 0
218 234
228 0
0 0
0 0
297 0
452 242
49 81
412 0
506 0
0 0
0 0
0 0
94 218
181 0
0 0
134 0
232 0
508 0
147 0
66 0
327 0
24 0
0 0
484 0
204 0
111 118
331 0
285 242
443 0
430 386
236 252
186 0
499 200
275 364
242 0
19 0
44 0
177 3
219 0
0 0
0 0
508 279
501 0
0 0
185 397
173 240
0 0
219 0
17 207
302 303
438 0
314 395
0 0
340 0
165 208
55 0
0 0
163 0
0 0
0 0
355 478
215 157
204 150
89 0
240 0
97 527
0 0
332 0
176 0
403 50
0 0
0 0
283 0
275 0
0 0
440 53
214 0
226 0
415 0
0 0
101 0
249 0
168 0
0 0
0 0
0 0
526 202
0 0
245 194
433 0
371 0
437 0
0 0
213 0
78 356
477 0
0 0
290 0
445 0
410 0
154 0
0 0
37 0
0 0
14 0
480 529
317 0
297 0
102 473
379 0
49 0
482 0
0 0
355 318
422 477
176 0
147 524
0 0
0 0
186 9
135 0
0 0
493 0
350 0
279 0
0 0
0 0
281 0
316 129
200 0
0 0
184 0
401 0
123 0
458 0
498 0
370 291
295 0
0 0
455 0
0 0
418 0
161 0
77 220
78 227
421 0
374 0
464 0
0 0
120 87
487 0
460 0
7 0
430 110
36 478
439 249
398 0
171 366
17 13
0 0
498 445
83 472
175 0
86 399
0 0
126 0
405 0
0 0
343 0
0 0
178 459
0 0
264 506
225 0
452 0
0 0
515 0
263 202
0 0
0 0
166 0
368 0
0 0
301 0
0 0
290 0
199 90
0 0
440 502
335 0
85 0
0 0
62 0
333 10
0 0
426 0
84 0
205 0
7 466
124 357
356 0
83 0
400 271
0 0
465 463
359 299
441 439
4 507
369 0
178 0
131 0
76 0
311 0
404 452
351 0
216 0
85 352
0 0
0 0
0 0
0 0
0 0
143 0
511 0
432 0
0 0
43 0
118 0
431 507
396 306
322 0
130 294
334 0
67 0
453 0
447 444
200 0
365 0
5 104
274 0
0 0
54 0
0 0
230 0
0 0
0 0
0 0
24 417
85 0
377 0
0 0
0 0
350 375
4 0
445 116
398 255
250 0
320 0
294 42
207 0
0 0
195 284
0 0
0 0
39 0
231 321
282 0
0 0
337 213
512 0
307 308
82 518
15 0
357 0
40 0
0 0
0 0
472 240
399 6
0 0
241 76
152 0
58 236
0 0
0 0
181 467
0 0
266 0
134 0
1 0
0 0
178 0
271 0
229 0
0 0
362 0
317 399
0 0
301 0
0 0
0 0
399 391
2 423
435 0
467 0
197 0
0 0
500 0
0 0
0 0
339 0
0 0
182 0
384 69
481 0
382 414
360 0
394 0
434 0
0 0
0 0
175 353
473 0
282 0
424 0
263 0
11 0
336 0
0 0
0 0
0 0
0 0
0 0
0 0
246 0
241 122
358 433
216 0
510 416
319 0
0 0
412 0
504 0
0 0
361 0
312 0
463 174
0 0
274 0
394 0
148 167
106 0
0 0
34 52
383 0
244 0
418 161
0 0
447 232
392 0
459 160
438 0
168 0
0 0
472 0
0 0
0 0
290 487
201 0
51 0
347 427
230 0
41 0
185 0
4 224
369 0
390 0
420 0
370 0
5 481
158 10
414 260
0 0
79 0
0 0
523 0
0 0
521 0
435 0
0 0
22 0
51 0
99 0
0 0
360 0
0 0
508 189
0 0
145 0
0 0
155 0
309 412
465 500
214 0
529 286
173 399
80 0
384 0
271 380
341 0
297 0
0 0
211 304
454 0
25 44
394 49
0 0
558 0
553 545
0 0
534 552
554 0
0 0
0 0
0 0
537 0
542 0
557 553
0 0
549 0
0 0
537 552
551 536
0 0
0 0
546 0
538 548
538 0
543 559
0 0
533 547
551 549
0 0
553 0
0 0
547 531
539 546
536 0
542 0
575 0
572 0
0 0
573 0
566 0
0 0
0 0
573 0
568 580
572 0
564 579
580 569
573 0
569 0
575 570
0 0
0 0
582 0
0 0
0 0
587 585
0 0
585 0
0 0
587 0

666
2 0
1 0
170 362
0 0
253 139
359 0
205 239
0 0
26 201
0 0
108 0
237 0
261 259
72 144
322 35
74 0
0 0
367 0
214 0
337 0
136 0
0 0
387 0
0 0
147 309
0 0
0 0
15 0
7 0
161 302
0 0
0 0
231 310
192 0
0 0
80 0
373 344
305 0
326 0
0 0
185 6
0 0
185 0
249 233
0 0
0 0
347 0
246 0
149 0
385 21
285 0
158 236
349 0
368 0
35 0
0 0
336 0
0 0
107 199
287 252
19 0
151 0
349 293
53 0
296 77
0 0
76 150
40 22
222 6
57 0
130 24
313 0
0 0
151 0
42 0
191 0
0 0
47 0
0 0
263 104
25 88
96 0
0 0
0 0
192 154
202 300
251 146
89 0
278 0
357 182
292 0
150 0
368 138
14 23
284 32
41 283
147 0
0 0
41 0
329 297
0 0
0 0
282 0
0 0
297 33
83 0
202 0
204 0
301 121
4 0
0 0
0 0
389 0
352 0
329 0
0 0
193 272
0 0
110 346
154 0
0 0
215 0
341 0
398 0
165 0
0 0
329 0
262 216
329 0
0 0
0 0
253 0
264 0
56 60
182 226
364 0
0 0
0 0
200 241
325 0
76 0
278 0
124 0
0 0
0 0
0 0
328 0
126 0
348 0
301 0
0 0
166 0
0 0
0 0
327 0
102 292
58 0
0 0
124 0
162 266
184 0
318 0
40 263
146 0
221 0
120 317
0 0
40 249
27 123
0 0
313 0
213 177
0 0
275 0
213 291
173 219
0 0
396 210
0 0
260 282
31 0
0 0
39 0
66 0
151 0
8 0
273 0
180 0
364 383
125 0
0 0
241 215
0 0
11 0
145 383
50 0
218 204
217 0
333 0
71 0
265 151
189 0
0 0
0 0
0 0
15 216
270 337
225 0
170 0
45 0
253 345
334 0
234 0
0 0
203 0
0 0
313 0
0 0
310 73
363 118
0 0
0 0
0 0
11 0
11 311
0 0
388 112
203 0
346 0
23 358
0 0
0 0
0 0
0 0
45 0
287 125
388 0
0 0
70 216
0 0
0 0
0 0
179 0
325 85
14 0
84 0
131 0
0 0
98 0
23 0
189 0
0 0
78 0
277 285
133 0
0 0
161 0
260 0
363 0
0 0
0 0
242 0
0 0
108 0
387 0
157 0
124 0
209 0
343 341
0 0
329 0
10 372
0 0
232 0
298 0
307 0
131 0
168 0
17 310
314 83
36 0
181 146
57 101
316 0
205 0
194 0
0 0
370 0
204 361
203 0
338 0
81 0
275 0
0 0
241 108
195 111
387 0
0 0
393 0
0 0
368 243
382 0
171 0
283 10
302 0
198 0
70 0
363 0
227 0
238 0
0 0
0 0
0 0
165 0
39 0
93 0
0 0
0 0
0 0
46 215
363 155
0 0
83 0
110 273
0 0
59 116
0 0
3 153
183 340
361 0
13 0
168 0
0 0
359 0
296 0
119 0
0 0
227 42
199 0
0 0
153 0
81 0
0 0
0 0
312 0
0 0
360 352
0 0
41 137
259 0
257 0
0 0
324 0
153 0
249 0
186 0
63 0
0 0
0 0
0 0
214 0
134 240
0 0
223 246
79 138
220 380
373 203
0 0
198 0
281 0
398 0
0 0
126 0
288 72
149 216
140 0
60 274
93 381
4 248
54 0
167 0
77 0
294 0
124 0
0 0
225 0
157 186
319 256
356 0
136 0
208 0
286 0
6 361
232 0
302 0
176 207
163 0
150 207
415 0
416 0
409 0
0 0
419 417
402 419
409 424
407 421
428 421
400 405
0 0
415 0
399 401
414 406
406 416
416 404
412 401
402 409
0 0
403 0
414 421
0 0
410 407
415 0
427 411
420 421
400 415
424 0
425 0
0 0
411 418
486 493
499 501
501 561
0 0
503 0
549 0
473 456
538 436
0 0
594 0
0 0
549 0
0 0
557 0
524 565
438 0
583 540
485 0
0 0
0 0
560 461
0 0
552 524
0 0
0 0
436 0
440 589
456 458
446 0
444 478
541 512
0 0
463 483
571 569
0 0
537 0
445 0
477 0
561 478
460 0
0 0
512 0
0 0
0 0
0 0
0 0
478 0
489 507
483 0
543 485
0 0
483 0
438 558
0 0
538 503
566 493
447 518
555 560
517 585
0 0
461 563
594 449
462 521
488 0
591 516
0 0
0 0
512 568
461 592
515 0
0 0
0 0
0 0
541 467
566 0
441 0
528 474
536 0
0 0
512 0
526 509
0 0
571 461
454 498
528 539
495 0
0 0
571 0
0 0
447 460
488 0
442 0
0 0
0 0
574 554
453 515
453 0
472 513
471 0
0 0
0 0
571 0
483 533
0 0
551 0
0 0
542 534
468 481
0 0
513 555
582 0
0 0
0 0
555 556
556 0
481 0
0 0
0 0
590 581
548 0
544 0
0 0
508 0
470 0
498 577
513 0
0 0
0 0
538 0
430 0
0 0
0 0
0 0
0 0
447 0
436 530
532 477
568 0
487 0
0 0
0 0
545 0
0 0
0 0
545 0
465 535
548 445
0 0
0 0
445 0
457 0
0 0
463 522
575 0
496 437
479 0
439 0
593 0
507 577
0 0
542 564
467 0
506 486
503 589
0 0
602 635
613 0
629 598
615 0
637 610
0 0
606 596
0 0
0 0
606 620
616 0
607 622
0 0
625 601
0 0
604 0
599 0
622 0
595 644
0 0
636 0
632 0
0 0
623 0
0 0
606 0
628 0
609 0
629 632
634 0
604 0
0 0
615 633
604 640
643 595
0 0
0 0
623 613
639 613
636 0
0 0
0 0
0 0
644 0
610 0
0 0
622 600
621 0
611 639
0 0
600 0
628 0
0 0
650 0
0 0
647 649
654 0
654 0
659 651
659 0
0 0
655 652
0 0
656 0
653 0
652 0
652 0
663 665
665 662
665 0
664 0
0 0
