30
60 49
 1 56
 2 38
 3 25
 4 54
 7 25
 7 54
 8 44
 9 45
 11 32
 12 55
 12 58
 13 12
 13 29
 15 1
 16 32
 16 56
 17 4
 18 31
 21 2
 21 32
 21 51
 23 36
 23 51
 26 40
 29 28
 30 9
 33 40
 38 60
 39 47
 40 28
 40 43
 41 32
 41 53
 43 36
 44 20
 44 52
 45 1
 45 14
 45 20
 45 55
 48 58
 50 3
 50 22
 51 44
 53 14
 54 47
 55 26
 60 19
 60 39
47 46
 5 19
 5 21
 6 2
 6 31
 6 45
 8 22
 9 37
 10 39
 10 46
 11 14
 12 10
 12 33
 13 17
 13 22
 13 29
 14 24
 14 34
 14 44
 16 24
 16 42
 17 46
 18 36
 21 44
 21 45
 22 45
 23 30
 23 42
 24 22
 24 36
 26 5
 26 9
 26 17
 26 33
 27 11
 27 14
 30 36
 33 4
 33 29
 38 3
 38 30
 39 13
 39 23
 40 8
 46 18
 47 7
 47 13
61 50
 1 32
 2 24
 3 30
 4 34
 5 10
 5 48
 8 10
 10 15
 15 6
 16 17
 16 57
 18 56
 20 23
 20 52
 23 5
 26 29
 26 31
 26 34
 27 57
 28 31
 29 30
 31 11
 31 40
 31 57
 33 15
 35 4
 38 1
 40 8
 41 25
 41 59
 42 38
 42 44
 43 36
 45 4
 45 7
 45 19
 46 8
 46 26
 46 54
 47 12
 47 22
 47 35
 48 58
 49 9
 51 40
 53 9
 53 23
 56 10
 58 15
 60 43
21 44
 1 21
 2 5
 2 17
 3 2
 3 5
 3 16
 4 16
 5 4
 5 13
 5 17
 6 1
 6 10
 7 1
 8 3
 8 12
 8 20
 9 13
 9 19
 10 18
 10 21
 11 18
 12 2
 12 6
 12 17
 12 20
 13 3
 13 7
 13 17
 14 3
 14 9
 14 12
 14 15
 14 18
 14 20
 15 10
 15 12
 19 2
 19 4
 19 14
 20 7
 20 9
 20 19
 21 13
 21 15
44 49
 1 22
 1 24
 3 6
 4 19
 4 44
 5 30
 6 24
 11 32
 12 38
 12 39
 13 21
 14 29
 16 15
 17 23
 19 28
 20 18
 22 25
 22 40
 23 18
 24 40
 25 16
 26 2
 26 41
 27 28
 27 36
 28 6
 28 15
 28 32
 28 40
 29 20
 29 44
 30 26
 31 37
 32 16
 33 13
 35 31
 35 40
 36 23
 37 12
 37 21
 38 17
 39 32
 40 33
 40 41
 41 13
 42 17
 42 34
 43 11
 43 42
78 50
 1 27
 1 51
 2 13
 4 43
 5 27
 5 34
 5 59
 8 48
 8 64
 9 2
 9 30
 10 19
 13 61
 19 51
 22 2
 22 65
 23 14
 23 34
 24 27
 27 14
 27 53
 27 67
 28 22
 32 70
 34 53
 39 36
 43 1
 43 46
 44 76
 48 64
 49 73
 50 23
 54 30
 57 32
 58 36
 59 53
 59 75
 60 55
 61 34
 62 47
 64 49
 65 33
 66 16
 67 60
 68 62
 68 65
 72 28
 72 29
 77 41
 77 66
61 50
 3 29
 3 54
 6 31
 6 35
 7 37
 8 33
 9 17
 9 20
 9 23
 9 50
 10 44
 11 8
 17 52
 18 22
 23 50
 24 2
 24 11
 26 28
 26 35
 27 6
 28 23
 28 53
 30 35
 30 48
 31 42
 33 53
 34 47
 36 37
 37 2
 37 24
 39 31
 43 20
 43 41
 45 6
 45 15
 46 44
 47 25
 48 3
 48 14
 52 40
 53 54
 53 59
 53 60
 54 45
 55 26
 55 56
 56 17
 58 48
 60 15
 61 30
38 49
 1 28
 1 38
 3 7
 5 14
 6 33
 7 13
 7 34
 8 18
 9 38
 10 1
 10 27
 11 16
 11 34
 12 6
 13 8
 14 27
 14 31
 16 4
 17 18
 20 1
 21 9
 21 30
 21 33
 22 7
 22 21
 22 26
 22 35
 23 12
 23 31
 24 9
 24 33
 25 3
 25 11
 26 14
 26 17
 27 18
 28 12
 28 30
 29 22
 29 36
 32 31
 32 35
 33 18
 33 26
 33 37
 34 24
 36 12
 36 17
 38 25
4 11
 1 3
 1 4
 2 1
 2 3
 2 4
 3 1
 3 2
 3 4
 4 1
 4 2
 4 3
91 49
 2 73
 5 17
 6 32
 7 44
 7 45
 10 12
 15 49
 15 62
 23 30
 25 18
 25 48
 27 49
 29 21
 29 28
 30 59
 31 86
 32 8
 33 65
 33 78
 39 9
 42 83
 47 72
 54 50
 54 80
 55 31
 56 55
 58 63
 61 53
 63 68
 68 69
 68 75
 71 3
 71 22
 71 65
 74 56
 76 36
 76 61
 77 43
 78 69
 80 25
 82 22
 83 12
 83 51
 84 21
 86 69
 89 70
 89 71
 89 72
 89 75
25 47
 1 22
 2 9
 3 11
 3 16
 3 21
 4 2
 4 8
 4 20
 5 1
 5 6
 6 8
 6 11
 6 13
 6 25
 8 22
 10 4
 11 7
 11 17
 11 23
 12 17
 13 3
 13 6
 14 11
 15 25
 16 7
 16 9
 18 17
 19 20
 20 1
 20 24
 21 20
 22 4
 22 19
 22 23
 22 25
 23 2
 23 6
 24 3
 24 11
 24 13
 24 21
 24 22
 25 2
 25 6
 25 13
 25 20
 25 23
88 49
 1 59
 4 84
 5 20
 6 54
 11 43
 11 83
 13 32
 15 58
 17 25
 17 71
 18 21
 21 69
 22 10
 23 69
 25 73
 25 83
 26 82
 31 40
 32 72
 33 8
 35 88
 40 54
 42 18
 43 44
 44 68
 46 23
 46 88
 52 66
 53 32
 53 62
 54 23
 55 73
 60 13
 60 58
 61 7
 61 73
 64 36
 67 62
 73 37
 74 88
 77 34
 77 88
 78 83
 80 67
 81 4
 81 16
 85 34
 85 42
 85 52
19 47
 1 4
 1 10
 1 17
 2 1
 2 10
 2 11
 2 14
 2 15
 3 5
 3 9
 3 16
 4 15
 4 17
 4 18
 6 1
 7 9
 7 15
 8 1
 8 4
 8 12
 8 14
 9 5
 9 10
 9 17
 10 6
 10 13
 10 18
 11 12
 12 2
 12 4
 13 9
 14 8
 14 11
 15 2
 15 13
 15 18
 16 1
 16 4
 17 10
 17 19
 18 3
 18 7
 18 14
 18 16
 19 3
 19 8
 19 12
34 43
 1 20
 2 21
 3 34
 4 10
 4 13
 4 17
 5 4
 5 22
 7 20
 9 3
 9 21
 9 26
 9 29
 13 10
 14 11
 14 29
 14 30
 15 3
 15 22
 17 3
 18 3
 18 13
 18 30
 19 17
 20 31
 22 8
 22 26
 26 11
 27 19
 27 21
 28 2
 29 20
 29 21
 29 23
 30 13
 30 23
 31 27
 31 34
 32 25
 34 12
 34 18
 34 20
 34 28
90 49
 1 10
 2 77
 3 54
 5 23
 8 22
 8 58
 10 40
 14 41
 14 55
 20 47
 21 8
 23 35
 25 11
 27 69
 32 25
 32 84
 34 69
 35 59
 36 15
 38 15
 38 87
 39 33
 40 75
 43 11
 43 47
 46 28
 47 4
 49 44
 50 35
 51 69
 52 56
 52 90
 56 78
 57 50
 58 47
 59 25
 59 37
 59 43
 61 15
 63 70
 65 1
 65 55
 69 58
 70 46
 72 79
 73 69
 74 14
 75 78
 86 13
26 40
 1 12
 2 25
 4 14
 4 22
 4 24
 4 25
 6 1
 6 3
 6 10
 6 23
 7 4
 8 14
 8 25
 9 6
 9 13
 9 14
 9 15
 13 16
 13 21
 14 16
 14 22
 15 19
 15 26
 16 9
 16 23
 17 2
 17 26
 18 5
 18 16
 20 7
 20 9
 20 16
 21 5
 21 24
 23 21
 24 16
 25 22
 25 23
 26 5
 26 18
35 49
 2 25
 4 6
 4 25
 6 1
 6 18
 7 21
 7 22
 8 2
 8 4
 8 21
 8 29
 9 11
 9 28
 9 31
 10 15
 11 18
 11 19
 13 1
 13 4
 13 15
 13 23
 14 3
 15 3
 15 9
 18 19
 18 21
 20 16
 21 19
 22 14
 22 20
 23 1
 23 5
 24 13
 24 18
 24 25
 25 26
 26 15
 26 27
 28 15
 28 21
 29 18
 29 33
 30 10
 30 17
 30 33
 32 4
 35 7
 35 23
 35 27
73 49
 1 31
 1 64
 3 2
 3 37
 4 1
 4 53
 5 55
 5 62
 6 11
 6 39
 7 71
 7 73
 10 57
 14 64
 15 72
 17 7
 25 27
 26 15
 26 58
 29 25
 32 3
 35 14
 35 19
 37 41
 41 26
 41 39
 42 13
 42 73
 43 49
 44 70
 45 67
 46 38
 46 62
 48 20
 49 57
 50 64
 52 18
 53 55
 54 14
 55 29
 55 30
 63 65
 66 6
 67 35
 68 42
 69 27
 70 24
 70 28
 72 52
40 45
 1 18
 1 27
 1 34
 1 35
 2 21
 3 28
 4 25
 4 30
 7 4
 8 17
 9 36
 10 30
 13 34
 13 35
 16 6
 16 19
 18 26
 19 7
 19 38
 20 1
 21 14
 22 9
 24 1
 24 6
 25 9
 26 22
 26 30
 27 36
 29 8
 29 18
 29 30
 29 35
 29 36
 30 31
 31 37
 31 38
 33 27
 34 28
 34 33
 37 8
 37 15
 38 2
 38 16
 39 20
 40 13
87 49
 1 44
 8 21
 8 69
 11 31
 12 63
 14 62
 15 31
 20 61
 24 62
 24 80
 26 55
 27 49
 30 46
 35 22
 35 53
 36 11
 36 57
 42 38
 43 59
 45 22
 51 8
 54 20
 54 78
 55 78
 56 60
 59 15
 59 50
 59 56
 60 67
 61 19
 64 7
 65 7
 65 64
 68 78
 68 82
 71 67
 75 33
 75 70
 75 83
 76 12
 77 23
 77 69
 78 80
 80 12
 81 87
 82 73
 84 38
 84 42
 85 86
17 43
 1 5
 1 6
 1 14
 1 17
 2 11
 4 6
 4 7
 4 11
 4 16
 5 2
 5 8
 5 16
 6 1
 6 7
 6 12
 7 4
 7 5
 7 12
 9 10
 9 14
 10 14
 11 6
 11 10
 13 3
 13 5
 13 8
 14 4
 14 10
 14 11
 14 15
 15 1
 15 3
 15 8
 15 10
 15 12
 15 14
 15 17
 16 7
 16 14
 17 3
 17 8
 17 10
 17 16
76 48
 2 48
 4 19
 7 5
 9 63
 10 6
 10 63
 13 1
 15 30
 18 36
 18 52
 20 17
 20 73
 23 8
 24 17
 26 7
 26 12
 27 68
 27 74
 28 45
 32 8
 32 25
 33 67
 34 21
 35 59
 36 15
 36 64
 38 1
 38 54
 39 19
 41 13
 42 46
 46 12
 46 55
 47 10
 48 15
 52 64
 52 76
 55 13
 57 60
 57 65
 59 44
 59 56
 60 76
 69 64
 71 4
 72 50
 75 52
 76 66
96 50
 2 70
 4 3
 4 55
 4 60
 7 22
 13 26
 22 65
 24 77
 24 79
 25 52
 27 36
 30 6
 33 89
 37 56
 37 64
 41 54
 43 60
 44 79
 46 82
 49 35
 49 92
 50 11
 52 19
 55 63
 60 26
 60 58
 61 9
 63 60
 65 46
 66 34
 67 27
 67 52
 69 17
 69 85
 71 55
 71 95
 72 94
 73 76
 79 62
 81 43
 82 42
 84 10
 84 19
 84 28
 84 52
 85 10
 86 73
 89 69
 90 27
 95 18
2 2
 1 2
 2 1
100 50
 1 28
 2 56
 3 51
 5 51
 9 66
 10 57
 10 66
 11 34
 15 13
 15 17
 15 37
 15 57
 22 30
 22 65
 24 74
 25 36
 26 72
 27 95
 30 89
 31 98
 38 67
 39 37
 39 94
 42 77
 43 18
 44 13
 45 4
 45 93
 51 26
 51 98
 52 2
 52 20
 54 62
 61 31
 63 39
 78 97
 79 29
 79 81
 80 75
 83 28
 83 63
 87 13
 92 25
 93 59
 94 67
 96 17
 98 49
 99 12
 99 49
 100 36
12 44
 1 4
 1 9
 1 12
 2 9
 2 11
 3 2
 3 4
 3 8
 3 9
 3 11
 4 1
 4 3
 4 5
 4 7
 4 8
 5 3
 5 8
 6 1
 6 4
 6 5
 6 7
 7 2
 7 3
 7 6
 7 11
 8 1
 8 2
 8 6
 8 9
 8 10
 8 11
 9 2
 10 2
 10 4
 10 5
 10 7
 10 11
 11 2
 11 3
 11 7
 11 9
 11 10
 12 8
 12 10
53 48
 1 46
 1 51
 2 26
 3 24
 4 31
 4 53
 5 41
 7 2
 7 12
 7 50
 8 33
 10 1
 10 16
 10 52
 11 12
 11 28
 11 29
 11 32
 13 15
 13 29
 16 43
 17 38
 20 14
 20 38
 20 51
 22 6
 24 21
 24 28
 25 43
 27 11
 29 4
 29 32
 32 3
 33 41
 34 35
 36 27
 36 35
 38 37
 39 40
 43 5
 43 16
 44 26
 49 29
 50 12
 50 53
 51 38
 52 43
 53 46
94 49
 1 57
 2 17
 5 13
 17 92
 19 12
 20 93
 23 34
 23 40
 25 27
 27 17
 32 90
 33 63
 34 24
 34 71
 36 73
 37 52
 37 56
 38 86
 40 66
 43 79
 44 5
 47 91
 49 24
 50 24
 50 65
 52 86
 55 30
 58 14
 61 75
 61 77
 63 18
 64 41
 65 77
 66 67
 69 26
 70 22
 70 55
 74 5
 74 53
 75 52
 77 25
 84 46
 85 37
 88 40
 89 94
 91 45
 92 18
 93 24
 94 78
29 48
 1 6
 1 7
 1 8
 1 14
 1 28
 2 6
 2 18
 2 27
 3 7
 3 15
 4 9
 4 16
 4 26
 5 18
 8 1
 8 5
 8 20
 9 3
 9 6
 9 16
 9 23
 10 15
 11 8
 11 27
 12 10
 13 15
 14 4
 14 5
 14 12
 15 6
 16 26
 16 29
 17 9
 18 6
 18 11
 19 8
 19 11
 20 3
 20 5
 21 4
 23 6
 24 4
 24 6
 25 4
 25 8
 27 16
 29 14
 29 25
22 44
 1 2
 1 16
 1 18
 2 15
 2 17
 2 21
 3 2
 3 15
 4 2
 5 8
 5 15
 6 10
 6 19
 6 22
 8 10
 8 15
 8 22
 9 1
 9 16
 11 4
 11 5
 11 17
 11 22
 13 8
 14 10
 15 2
 15 7
 15 11
 16 1
 16 20
 16 21
 17 1
 17 3
 17 8
 18 11
 18 21
 19 10
 20 4
 20 9
 20 21
 21 5
 21 14
 21 15
 22 14
