5

10 99
2796
2796
2796
2796
2796
2796
2796
2796
2796
2796

68 99
9332
7875
-7070
23828
-21177
-10763
26027
578
-12614
13
14138
20061
4644
16505
-1887
-3920
8084
-1379
18600
17656
-18735
8917
11860
-27536
2134
-4235
-7714
14023
-4515
27081
-2633
4901
1489
-8426
24460
300
10074
12696
-7875
2547
16469
2436
-11802
2315
3035
-6651
-14632
11641
11191
-29120
-25442
23234
8562
-7599
-8200
-5667
10056
3146
5859
18998
26928
4412
-5743
700
7642
-15831
11114
4811

100 100
20230
-10350
-3571
-9571
4429
375
-15226
442
4595
14344
19400
-30919
6921
10486
8182
6131
4088
15238
-18172
-802
21121
-4709
956
10243
1982
-28504
22213
8583
15648
-6467
-14435
-11099
-4752
8066
-8294
-17233
-6705
-19143
12518
-3567
2743
-22091
19336
5966
-776
9062
4703
9730
7869
-5547
-4066
7136
-1914
-15071
-5037
1971
-468
-18944
8291
-2466
13281
6082
3212
16348
13102
6861
19682
13377
4085
8739
-20908
10425
7535
89
9125
-7033
4908
5279
6773
-4605
4631
18363
-20425
-18523
2415
26895
18231
11508
-1073
-5231
-1121
8086
9256
719
-1943
-27577
-1340
8177
11369
-4137

13 87
2
4
6
8
10
12
14
16
18
10
12
14
16

10 -99
3
5
7
11
13
17
23
47
11
57
