20
0010
1110
01011010
00001100
0011011001111011
1111111100110110
1110
1101
10100001
01001011
0110
0100
11110001110110010111010001001011
10110010111001000100101001100101
0011110110000111
0011001000000010
11110101
10101011
0011011100000010001101000111000100010101111110011011011111111000
1000001010101000111010000100011010010101111110001100101000110101
01001001011010100110010100100100
10111010111010101010110000101010
10011110
10001010
1001111101000101
1100100001001100
01001010
01111111
01100011100001001011101110111110
01110011001011011011100000010000
1100
0111
01100000
00100001
0101011011110100
1101100101000100
0111111111001110
1010011110110100
0110101000000000100010001000100111111010001101000001001001101000
1100111010000010001011011101010101010110101000011101110111110001
