3
16
39
13
1 0 251
4 0 9
1 4 164
1 2 34
2 1 159
5 1 241
2 5 150
2 3 243
3 2 28
6 2 35
2 6 177
2 7 9
3 6 37
6 3 176
5 4 40
4 9 170
9 4 133
5 8 3
5 6 192
9 5 110
5 9 218
5 10 3
10 5 167
6 9 87
10 6 151
6 11 248
11 6 17
8 9 8
9 8 80
8 12 244
8 13 8
13 8 100
9 10 245
10 9 215
9 14 179
10 13 99
11 10 201
14 10 250
10 15 73
16
32
7
0 1 49
4 0 216
0 4 218
0 5 68
5 0 62
4 1 125
1 2 30
2 1 90
1 6 144
6 1 206
2 5 92
2 3 217
3 2 234
5 4 145
4 8 171
9 4 120
5 8 157
5 6 217
5 10 155
10 5 70
6 9 32
9 6 86
7 6 27
10 6 160
6 11 193
8 9 187
8 13 78
9 13 143
10 13 68
10 15 235
15 10 48
11 14 242
16
42
10
0 4 249
5 0 205
1 4 149
4 1 219
1 2 2
2 1 29
5 1 41
1 6 222
6 1 246
2 5 156
5 2 201
2 3 16
3 2 160
7 2 175
3 6 86
6 3 124
4 5 68
5 4 192
8 4 233
9 4 144
5 8 203
8 5 69
5 6 146
7 6 124
10 6 83
6 11 60
7 10 102
10 7 209
8 9 101
12 8 162
8 12 227
8 13 32
12 9 207
13 9 103
9 14 51
14 9 81
10 13 70
14 10 102
10 15 115
15 10 52
11 14 237
14 11 97
