3
64
197
54
0 1 166
0 8 31
8 1 96
9 1 251
1 9 11
10 1 78
2 9 37
3 2 116
2 10 39
10 3 29
4 3 144
11 3 74
3 11 73
4 13 48
13 4 163
5 12 208
6 5 111
13 5 31
5 13 104
6 13 173
13 6 190
6 7 25
14 6 142
15 6 162
7 14 136
14 7 68
16 8 230
17 8 189
9 16 28
9 10 218
10 9 185
9 17 3
9 18 61
10 11 88
10 18 127
11 18 57
18 11 167
12 11 221
19 11 182
11 19 222
11 20 180
20 11 165
19 12 184
20 12 99
12 20 179
12 21 105
13 14 124
14 13 192
13 21 5
22 13 201
15 14 205
22 14 101
23 14 148
16 17 136
17 16 37
24 16 194
16 25 211
25 16 36
24 17 51
25 17 43
26 17 209
18 25 129
25 18 147
26 18 4
18 26 248
18 27 31
19 26 155
20 19 100
27 19 116
19 27 83
28 19 34
27 20 136
28 20 125
21 28 133
28 21 27
21 22 151
29 21 105
21 29 63
21 30 171
30 21 57
22 29 242
22 31 228
24 25 94
32 24 197
24 32 174
33 24 222
25 32 153
32 25 113
33 25 62
25 33 186
34 25 25
33 26 49
26 27 47
27 26 138
26 35 12
34 27 66
27 28 108
35 27 167
27 35 116
36 27 46
28 35 116
35 28 147
28 29 134
36 28 178
28 37 168
37 28 65
29 36 231
37 29 111
29 37 175
30 37 230
37 30 61
30 31 46
31 30 131
30 38 181
33 32 73
40 32 146
32 41 203
41 32 205
33 40 98
40 33 196
33 34 206
34 33 17
33 41 174
42 33 66
34 41 148
35 34 216
34 42 249
43 34 69
35 42 59
35 36 80
43 35 60
35 44 73
44 35 81
36 37 38
37 36 10
36 44 59
36 45 103
45 36 189
44 37 98
37 38 87
37 46 156
38 45 91
45 38 66
46 39 192
48 40 2
49 40 165
41 42 34
42 41 251
49 41 137
41 49 57
41 50 189
50 41 61
49 42 27
42 43 68
50 42 145
50 43 96
43 44 160
43 51 99
44 51 116
51 44 189
53 44 147
45 52 120
53 45 21
46 53 77
53 46 87
46 47 233
54 46 220
46 55 250
55 46 178
48 49 255
49 48 14
48 57 129
56 49 19
49 50 102
57 49 114
49 57 254
57 50 104
50 51 1
51 50 85
58 50 143
50 58 93
50 59 111
59 50 102
51 58 199
58 51 161
51 52 166
52 51 67
51 59 154
52 59 99
53 52 91
60 52 44
52 60 69
61 52 165
53 54 43
61 53 11
54 63 16
62 55 17
49
137
39
0 1 185
7 0 12
0 8 96
8 0 122
1 7 139
7 1 74
2 1 28
2 3 94
9 2 136
10 2 191
3 9 9
9 3 183
3 4 42
10 3 191
4 5 4
5 4 71
4 12 32
12 4 20
5 11 247
5 6 193
5 12 127
5 13 182
6 12 205
12 6 250
7 8 246
8 7 215
14 7 56
7 14 10
7 15 160
15 7 62
14 8 184
9 8 85
16 9 176
9 16 200
9 17 56
17 9 44
10 16 181
10 11 222
11 17 24
17 11 117
11 12 208
11 18 37
11 19 100
19 11 251
12 18 95
18 12 197
12 13 85
13 12 105
19 12 155
12 19 61
15 14 9
21 14 74
14 21 81
14 22 167
23 15 6
22 16 65
17 23 120
23 17 14
17 24 204
18 24 192
24 18 63
18 19 82
18 25 107
18 26 250
19 25 161
20 19 94
26 19 34
19 26 234
21 22 114
22 21 35
28 21 139
29 21 83
23 22 207
22 30 231
30 22 209
29 23 78
24 23 192
23 30 37
23 31 170
30 24 195
25 24 132
32 24 130
25 26 118
32 25 88
25 32 118
33 26 29
26 34 145
27 33 141
28 29 249
35 28 39
28 35 194
36 28 213
29 35 4
35 29 21
30 29 186
29 36 156
29 37 115
30 36 100
31 30 169
37 31 239
31 32 249
38 31 19
39 31 145
32 38 93
38 32 97
32 33 25
39 32 244
32 40 248
40 32 245
33 34 82
40 33 105
33 41 200
41 33 64
35 36 91
36 35 222
42 35 168
35 42 144
43 35 56
36 37 224
37 36 18
43 36 61
36 43 5
44 36 252
37 43 160
38 37 156
38 44 182
45 38 204
38 45 185
40 39 230
39 46 124
39 47 134
47 39 190
40 46 19
46 40 191
40 41 181
40 48 48
41 47 32
36
103
1
0 1 40
1 0 142
6 0 155
7 0 240
6 1 119
2 1 21
7 1 208
1 8 77
7 2 99
3 2 138
8 2 45
2 9 79
9 2 132
4 3 9
3 9 68
10 3 218
9 4 98
4 5 199
4 10 114
11 4 15
10 5 140
6 7 138
12 6 115
6 13 98
7 8 192
7 14 171
8 13 196
8 9 248
8 14 220
8 15 133
9 15 227
9 16 247
16 9 142
10 15 56
15 10 247
11 10 253
11 16 46
12 13 90
13 12 110
12 18 178
12 19 251
13 14 253
14 13 79
19 13 215
13 20 214
20 13 164
14 19 146
15 14 88
14 20 140
21 14 172
15 20 202
16 15 106
21 15 115
15 22 160
16 17 56
16 22 119
18 19 48
18 24 143
18 25 183
25 18 50
24 19 247
19 20 134
20 19 5
25 19 26
19 25 191
25 20 4
21 20 65
26 20 161
20 26 15
27 20 251
21 26 108
22 21 68
22 23 23
23 22 116
22 28 194
22 29 103
23 28 243
28 23 126
24 25 252
25 24 55
30 24 227
24 30 227
24 31 49
31 24 54
30 25 223
26 25 5
25 31 154
25 32 176
32 25 19
31 26 86
27 26 241
26 33 131
33 26 189
32 27 97
27 28 5
27 33 240
27 34 51
34 27 106
28 33 184
33 28 9
28 29 189
29 28 172
34 29 104	
