3

4
0  -12 321 -43
56   0  54  -3
11 -37   0  18
44   7 100   0

30
0 39 442 403 183 -26 421 451 262 87 182 498 474 252 433 445 371 29 60 224 378 92 277 55 155 284 337 61 334 369 
52 0 132 364 235 134 335 447 493 186 111 201 372 378 182 422 380 83 446 77 353 454 102 429 97 483 60 100 73 344 
306 459 0 482 177 120 322 94 207 466 350 11 455 493 53 227 472 20 334 no 310 no 134 117 344 116 58 137 48 402 
405 236 363 0 341 480 12 417 145 140 441 57 87 159 267 239 269 275 231 160 242 307 365 331 229 463 37 71 244 461 
296 470 286 33 0 288 416 469 74 470 389 253 161 43 163 404 71 no 251 212 98 177 260 29 96 246 366 179 63 164 
291 219 67 218 443 0 285 485 458 76 246 344 393 148 398 6 309 163 372 173 316 243 156 334 461 170 45 385 300 103 
321 442 227 48 454 427 0 301 240 33 383 345 375 444 54 376 17 95 106 251 275 127 285 176 435 307 339 386 484 135 
54 331 465 123 456 93 274 0 75 325 240 296 36 86 458 392 247 no 236 287 155 241 324 108 325 387 411 283 199 282 
129 304 125 412 470 418 44 238 0 271 252 196 206 213 89 56 34 177 97 359 100 348 60 28 163 161 390 230 120 364 
246 398 106 77 194 61 426 70 356 0 486 499 212 120 107 173 460 329 299 480 325 308 164 175 345 330 493 241 461 165 
430 319 136 289 139 103 no 36 434 261 0 310 216 108 496 205 168 318 26 479 197 460 487 330 270 262 367 383 169 126 
154 369 168 389 249 387 344 185 110 430 97 0 183 276 323 402 170 27 482 5 319 262 55 145 138 127 66 7 201 115 
177 351 139 323 204 453 91 369 32 79 402 470 0 275 496 2 455 336 321 300 474 146 395 52 36 466 93 499 321 238 
235 281 287 395 383 40 50 123 458 433 299 207 202 0 485 411 no 242 494 50 66 83 422 225 210 453 136 164 280 465 
2 32 37 253 447 411 303 44 no 381 493 476 293 319 0 181 352 498 402 274 195 247 402 252 370 329 283 93 417 211 
195 125 188 279 36 449 482 161 480 382 83 307 208 19 455 0 269 442 138 211 33 490 12 67 333 314 159 31 143 391 
88 141 329 67 312 391 186 154 210 463 337 377 179 20 152 197 0 349 158 403 71 89 425 86 267 287 225 236 322 343 
454 285 180 430 334 294 151 285 10 287 249 393 354 333 183 224 307 0 345 330 2 239 225 306 339 147 413 406 412 391 
192 51 79 226 312 247 192 360 322 8 173 413 370 33 478 167 227 405 0 377 203 359 166 175 236 441 408 143 497 174 
353 302 135 385 356 8 477 342 42 158 398 381 400 164 240 396 458 120 36 0 41 247 451 438 192 42 203 274 477 332 
122 134 325 139 50 382 179 no 453 33 97 325 215 286 119 442 237 98 119 325 0 80 247 285 305 86 206 18 105 -27 
365 8 462 348 383 423 297 119 247 226 295 no 495 91 130 159 210 437 286 129 137 0 128 245 293 405 414 140 177 244 
267 47 66 372 121 110 184 413 354 249 419 128 55 12 222 199 478 75 463 479 413 173 0 63 203 344 107 104 2 100 
471 145 488 9 141 77 49 122 17 286 286 108 118 459 76 444 243 385 217 204 51 no 253 0 76 306 360 149 53 377 
228 no 499 482 433 377 107 434 no 230 66 118 335 106 235 180 197 30 122 17 12 88 87 299 0 131 347 439 353 59 
330 109 302 58 349 411 482 10 125 61 54 78 176 153 242 499 251 121 220 425 15 70 224 84 394 0 274 333 137 395 
496 107 225 304 194 435 89 146 156 242 99 374 130 441 352 195 371 180 237 260 16 65 378 443 178 251 0 69 181 209 
484 24 415 157 323 214 165 94 182 31 51 2 462 485 309 248 44 201 251 120 384 70 480 238 355 433 309 0 56 379 
30 2 472 353 230 84 45 417 173 no 156 186 193 350 165 271 439 118 374 158 350 195 248 2 470 228 202 43 0 106 
499 295 314 no 108 207 394 103 394 303 2 471 347 95 439 297 256 345 224 27 420 68 355 234 197 356 111 -4 324 0 

4
  0 -12 -321 -43
-56   0  -54  -3
-11 -37    0 -18
-44  -7 -100   0
