10

6
1.5 3
3.5 0
1.5 -3
-1.5 -3
-3.5 0
-1.5 3
0 0 1

6
1.5 3
3.5 0
1.5 -3
-1.5 -3
-3.5 0
-1.5 3
0 0 5

24
0 5
2 6
3 4
4 4
4 3
6 2
5 0
6 -2
4 -3
4 -4
3 -4
2 -6
0 -5
-2 -6
-3 -4
-4 -4
-4 -3
-6 -2
-5 0
-6 2
-4 3
-4 4
-3 4
-2 6
0 0 5

24
0 5
2 6
3 4
4 4
4 3
6 2
5 0
6 -2
4 -3
4 -4
3 -4
2 -6
0 -5
-2 -6
-3 -4
-4 -4
-4 -3
-6 -2
-5 0
-6 2
-4 3
-4 4
-3 4
-2 6
1 1 1

23
0 5
2 6
3 4
4 3
6 2
5 0
6 -2
4 -3
4 -4
3 -4
2 -6
0 -5
-2 -6
-3 -4
-4 -4
-4 -3
-6 -2
-5 0
-6 2
-4 3
-4 4
-3 4
-2 6
0 0 3

24
0 5
2 6
3 4
4 4
4 3
6 2
5 0
6 -2
4 -3
4 -4
3 -4
2 -6
0 -5
-2 -6
-3 -4
-4 -4
-4 -3
-6 -2
-5 0
-6 2
-4 3
-4 4
-3 4
-2 6
4 4 6

22
0 5
2 6
3 4
4 4
4 3
5 3
5 -3
4 -3
4 -4
3 -4
3 -5
-3 -5
-3 -4
-4 -4
-4 -3
-6 -2
-5 0
-6 2
-4 3
-4 4
-3 4
-2 6
0 0 4

3
-4 0
-6 0
-4 2
0 0 1

3
-4 2
-4 0
-6 0
0 0 1

3
-4 0
-4 2
-6 0
0 0 1

