15

3
-4 0
-4 2
-6 0
-0.5 -0.5 1

3
-4 0
-4 2
-6 0
-0.5 0.5 1

3
0 2
2 0
0 -2
0 0 1

12
-5 6
-3 6
-3 -6
-1 -6
-1 6
1 6
1 -6
3 -6
3 6
6 6
6 -8
-5 -8
0 0 5

12
-5 6
-3 6
-3 -6
-1 -6
-1 6
1 6
1 -6
3 -6
3 6
5 6
5 -8
-5 -8
0 0 5

5
-3 3
0 2
2 3
2 -2
-3 -2
0 0 1

5
-3 3
0 2
2 3
2 -2
-3 -3
0 0 1

5
-3 3
0 2
2 3
2 -3
-3 -3
0 0 1

8
-1 3
-1 2
1 2
1 3
2 2
2 -2
-2 -2
-2 2
0 0 1

4
2 2
2 -2
-2 -2
-2 2
0 0 1

3
0 0
-5 0
0 1
0 0 5

4
0 1
1 0
0 -1
-1 0
0 0 5

5
0 0
3 4
6 4
6 -4
3 -4
0 0 5

4
0 0
0 5
5 5
5 0
10 5 3

3
0 0
3 4
3 -4
0 0 5

