4
10
-1 34  9 89 23 56 34 56  3  4
45 -1 43 56 46 56 34 56  5  6
23 45 -1 54 25 76 23 67  7  8
32 85  6 -1  3 78 56 90  4 90
34 34 12 73 -1 32 12 56 12 56
13 13 16 45 23 -1 71 43 23 45
 4 35 46 67 67 96 -1 45 32 66
84  5  6  7 32 63 65 -1 21 87
32 67 96 24 98 23 97 24 -1 34
23 85 39 30 85 97 30 20 28 -1
15
-1  1 10 11 12 22 20 20 20 20 20 34 20 20 20
13 -1  2 14 15 76 43 23 45 20 20 20 20 54 20
16 17 -1  3 18 20 20 34 20 74 45 20 65 20 20
19 20 21 -1  4 20 20 34 20 64 25 20 20 45 45
12 23 45 25 -1 5  34 20 20 20 20 34 24 45 20
12 12 85 35 76 -1  6 20 34 20 45 46 20 20 20
12 34 34 34 34 21 -1  7 20 20 45 45 20 45 45
10 23 34 76 35 43 33 -1 8  20 20 20 24 20 20
9  32 43 43 34 34 43 34 -1  9 45 20 34 58 20
10 21 32 44 43 33 43 43 12 -1 10 20 20 20 20
54 34 34 34 24 24 24 34 34 23 -1 11 20 54 20
26 87 93 29 25 37 38 30 83 39 30 -1 12 20 45
13 93 39 93 39 40 93 39 39 39 39 39 -1 13 20
76 76 76 56 75 87 54 54 54 56 54 87 87 -1 14
15 87 87 34 46 87 45 64 56 45 56 98 98 98 -1
6
-1 68 73 24 70  9
58 -1 16 44 11 92
63  9 -1 86 13 18
17 34 76 -1 52 70
60 18  3 45 -1 58
16 82 11 60 48 -1
5
-1 10  8  1 -1
-1 -1  6  9  4
11  3 -1  8 -1
-1  4  2 -1  7
 5 -1 -1 12 -1
