5
17
-1 1 1 27 3 29 18 43 16 57 76 22 36 9 56 46 4 
14 -1 66 55 62 67 77 18 35 77 68 74 65 37 49 53 48 
44 58 -1 10 33 10 54 38 40 46 28 70 22 15 34 56 14 
44 52 50 -1 1 63 22 37 31 31 47 49 23 14 65 24 27 
33 20 34 5 -1 40 79 1 33 6 6 21 78 29 33 16 16 
17 20 61 72 73 -1 59 37 43 3 11 37 39 48 21 10 57 
52 71 71 4 45 41 -1 50 62 21 18 19 27 46 11 50 3 
76 18 65 51 58 59 45 -1 46 14 27 70 66 50 77 80 79 
60 41 24 58 23 52 40 15 -1 45 31 62 32 53 11 12 27 
74 53 52 57 53 53 58 80 34 -1 45 31 79 2 76 37 19 
44 40 51 57 47 64 35 1 67 58 -1 79 37 29 76 52 46 
56 18 25 72 6 77 50 7 68 59 54 -1 75 40 23 55 25 
29 61 79 74 20 33 74 34 28 71 12 12 -1 26 13 50 76 
22 9 79 20 18 7 43 71 73 22 50 72 53 -1 7 42 66 
68 60 50 44 78 79 6 30 59 8 55 28 10 31 -1 21 41 
2 80 1 7 20 44 34 18 37 12 17 34 1 38 37 -1 15 
10 34 77 5 31 2 54 46 7 7 15 17 16 22 29 3 -1 
17
-1 60 13 70 2 19 69 73 58 63 70 49 24 78 48 52 46 
53 -1 25 47 17 80 6 14 44 69 10 31 16 75 40 33 8 
52 28 -1 21 77 11 48 21 64 44 38 12 51 69 53 73 78 
31 36 19 -1 3 18 56 54 45 76 80 15 2 48 61 44 5 
27 71 77 5 -1 67 27 32 48 68 41 24 63 73 70 56 9 
48 33 64 68 32 -1 41 73 56 51 3 52 58 31 65 46 6 
65 49 76 63 9 56 -1 73 8 14 7 55 33 21 41 11 42 
1 23 25 19 61 13 25 -1 65 50 9 78 45 29 33 74 3 
41 69 28 70 53 28 2 3 -1 32 65 9 35 75 68 79 43 
61 58 79 7 37 24 74 42 79 -1 48 43 11 42 30 57 54 
20 46 36 27 6 77 52 75 68 69 -1 40 6 71 16 57 18 
29 70 14 45 42 51 40 20 21 35 69 -1 23 64 42 56 36 
21 13 54 39 68 21 25 8 18 73 78 66 -1 78 74 30 38 
60 35 32 7 75 72 31 15 27 5 49 12 77 -1 58 24 51 
15 46 51 72 32 79 20 49 51 15 63 37 77 31 -1 60 74 
22 52 27 33 42 68 51 24 43 39 52 11 59 70 47 -1 23 
5 26 5 35 4 74 24 27 50 35 28 4 40 1 16 3 -1 
17
-1 55 21 64 40 7 22 74 29 47 16 75 77 60 71 24 17 
28 -1 35 69 18 80 70 79 75 8 75 18 73 14 18 66 80 
11 45 -1 62 54 22 1 50 72 50 21 52 47 41 59 65 3 
72 36 10 -1 57 31 55 40 65 31 41 12 55 36 41 24 67 
14 30 33 38 -1 55 74 58 19 14 20 6 23 38 33 14 11 
79 37 3 48 20 -1 18 53 16 20 41 80 21 58 31 3 25 
62 5 1 60 63 70 -1 70 38 15 21 54 48 76 74 7 56 
21 8 78 70 41 31 77 -1 6 65 63 65 66 23 29 2 80 
25 39 1 51 79 64 33 40 -1 1 77 5 27 16 26 72 52 
65 39 40 63 2 10 43 16 52 -1 61 64 67 26 2 78 18 
45 6 2 43 46 52 24 76 33 41 -1 2 50 30 56 50 60 
10 26 21 73 44 31 16 13 56 30 23 -1 3 76 77 17 10 
57 62 66 12 61 32 13 24 42 49 39 66 -1 41 13 75 40 
7 65 11 5 59 14 32 21 27 7 64 37 14 -1 65 58 48 
29 5 26 35 52 5 23 61 76 41 43 49 48 69 -1 12 15 
78 57 8 29 12 42 20 51 27 72 80 34 72 18 15 -1 27 
39 75 49 52 21 54 49 27 50 76 33 76 39 78 19 72 -1 
17
-1 41 22 26 16 21 40 42 14 70 29 57 40 77 72 72 65 
42 -1 76 73 27 43 26 60 65 78 20 40 3 78 57 69 40 
63 25 -1 9 20 36 14 51 45 42 42 71 45 7 44 66 21 
20 14 49 -1 24 22 9 75 62 60 18 30 33 57 24 24 50 
27 14 74 37 -1 80 54 55 20 23 78 55 61 72 76 46 58 
72 16 22 51 18 -1 14 7 45 12 20 58 69 24 1 40 55 
5 57 33 7 7 12 -1 32 38 44 68 31 42 77 70 35 80 
7 13 46 59 3 55 62 -1 24 63 16 36 36 19 12 6 71 
23 27 26 50 66 64 14 22 -1 10 64 35 46 55 11 27 55 
68 59 33 19 21 67 17 73 53 -1 41 43 42 74 5 22 18 
60 78 50 71 16 66 4 35 17 1 -1 35 73 37 47 70 13 
50 9 61 8 27 69 22 8 15 10 15 -1 60 53 8 2 36 
48 7 32 77 10 39 60 45 35 17 11 64 -1 43 9 24 47 
19 2 66 43 51 3 41 25 14 43 59 1 53 -1 52 71 9 
29 53 71 16 34 4 51 80 65 52 37 64 5 49 -1 39 71 
77 57 72 3 34 51 9 66 69 61 53 42 4 12 9 -1 43 
1 19 40 19 64 66 58 73 62 9 38 60 10 3 2 62 -1 
17
-1 34 79 40 33 69 79 73 54 69 27 50 60 67 4 46 66 
70 -1 68 65 1 72 13 54 17 11 72 32 62 56 29 9 61 
56 13 -1 21 57 5 37 34 54 17 29 35 38 78 68 66 71 
59 8 42 -1 59 19 34 68 50 13 69 50 22 53 46 50 10 
20 7 77 23 -1 78 34 65 35 30 34 3 58 23 6 4 30 
61 8 41 70 21 -1 2 17 51 39 30 56 74 66 59 7 74 
77 11 46 60 41 25 -1 70 26 15 54 44 67 42 20 9 60 
43 40 66 17 26 30 33 -1 41 13 28 24 56 69 72 55 80 
7 20 15 3 37 46 8 41 -1 72 63 21 31 27 79 42 20 
2 39 51 64 53 77 60 25 52 -1 17 22 66 31 13 21 78 
27 68 7 25 43 55 49 76 15 78 -1 47 23 22 70 36 70 
49 61 23 77 36 23 15 69 65 76 52 -1 68 73 53 25 20 
64 74 55 5 28 12 16 27 9 76 9 56 -1 64 46 57 34 
9 46 23 24 59 69 27 64 74 4 47 45 68 -1 44 78 2 
76 78 45 3 33 42 23 17 12 80 47 5 23 61 -1 63 38 
58 56 23 58 39 20 38 40 52 45 32 5 41 2 6 -1 21 
58 4 35 22 13 31 80 68 13 73 73 9 1 12 67 31 -1
