4

3
2 6 0 
5 0 6 
4 1 2 

6
8 6 3 8 9 9 
9 1 1 7 0 9 
4 8 4 8 3 3 
6 8 3 5 1 0 
7 2 4 8 7 9 
8 8 9 3 8 1 

10
9 7 4 9 10 10 10 2 1 7 
0 10 5 8 4 9 3 3 6 9 
4 5 1 0 8 2 4 9 8 10 
9 8 10 3 9 1 1 7 10 3 
5 8 4 1 7 7 10 1 6 9 
5 4 9 0 3 3 6 2 9 10 
9 1 0 0 2 7 0 8 2 1 
8 4 5 7 4 2 9 10 9 4 
6 6 5 0 10 9 3 10 6 7 
3 5 3 9 6 9 9 9 4 3 

12
87 66 38 87 96 94 99 18 12 73 1 99 
46 81 41 87 35 35 63 86 38 54 14 9 
80 25 41 87 73 99 90 82 97 35 85 17 
12 71 100 32 47 81 40 17 71 68 96 10 
56 91 50 37 88 8 36 35 60 21 85 95 
90 17 8 2 24 65 3 81 24 11 81 43 
50 68 44 22 84 100 85 38 60 56 53 4 
100 88 33 100 59 67 34 48 31 83 61 91 
87 86 40 35 22 11 6 16 47 91 88 8 
51 43 20 68 13 100 7 6 52 12 99 13 
23 29 25 73 23 61 62 60 50 56 71 7 
18 70 53 61 56 84 23 85 8 12 71 82 

