50
146
(122;122;61;134;13;111;128;81;12;131;50;72;15;11;114;144;85;2;107;69;85;34)
(69;0;127;4;96;32;72;133;70;11;32;89;12;4;123;39;6;120;128;108;70;33;101;123;98;141;144;100;102;107;38;58;145;141;73;143;3;113;99;119;90;4;80;44;91;20;66;102;59;63;52;65;29;63;145;125;21;85;105;44;112;85;49;87;36;61;53;36;107;10;110;114;59;82;35)
119
(47;86;86;21;89;80;57;106;41;74;104;52;12;92;9;98;18;61;73;10;50;38;54;65;36;53;55;104;74;12;42;39;47;37;38;10;109;45;96;96;91;37;95;96;57;31;16;67;3;87;96;33;33;109;71;33;10;17;71;67;30;113;82;24;27;60;69;77;43;41;77;32;42;67;74;80;15;110;11;61)
(92;98;5;10;118;48;95;23;85;56;11;104;55;36;100;106;109;8;40;85;87;114;112;35;84;64;53;78;73;92;57;105;2;101;92;88;97;86;51;114;19;29;40;78;69;57;2;89;46;47;95;61;112;43;101;115;115;42;27;85;89;35;108;47;61;58)
109
(71;28;14;40;53;25;44;85;45;50;80;55;102;98;69;74;1;91;25;101;55;14;26;52;6;60;87;90;53;76;54;66;102;24;3;57;5;13;53;15;35;90;15;60;37;101;17;84;0;41;91;93;48;21;106;53;10;38;52;45;102;51;88;3;5;81;101;37;85;17;19;100;27)
(47;76;79;48;13;72;22;18;72;20;108;86;42;43;84;78;41;4;82;76;92;63;56;95;102;95;17;49;2;45;67;75;27;106;29)
91
(43;69;37;68;64;90;42;23;64;17;86;76;3;57;14;31;70;20;79;2;34;42;29;41;68;79;62;54;78;31;65;67;47;83;64;74;8;34)
(76;3;27;15;22;67;43;19;75;49;40;85;56;7;81;2;15;52;35;20;66;57;59;17;40;82;9;58;63;62;68;60;25;89;14;69;39;90;8;25;54;53;27;61;26;10;61;80)
162
(4;158;47;104;75;99;58;2;37;121;159;92;47;99;138;160;96;100;36;155;156;53;94;63;14;13;150;39;85;72;55;29;98;108;46;10;63;11;107;140;38;148)
(27;156;93;22;65;116;124;34;123;20;161;112;45;120;16;18;109;24;126;121;125;7;66;8;30;134;144;63;30;46;116;61;129;10;71;37;127;42;52;109;103;105;15;92;111;58;69;19;18;25;126;20;43;6;84;79;28;75;93;121;121;81;15;40;56;62;8;25;138;36;160;102;117;10;42;10;141)
149
(67;103;140;85;17;73;73;71;60;71;8;28;108;110;29;88;12;142;137;97;16;56;115;132;30;3;6;97;89;76;124;121;51;117;59;101;14;74;98;99;123;14;131;11;33;148;61;93;63)
(86;30;74;125;23;128;11;49;105)
171
(70;93;110;131;43;76;106;113;46;152;71;26;10;102;137;95;79;18;43;71;94;148;19;45;92;155;165;9;87;89;6;16;71;163;99;128;88;131;89;1;77;50;28;58;129;49;24;128;136;102;81;23;85;70)
(42;141;144;118;92;28;163;20;49;132;164;41;28;121;35;164;6;32;14;47;123;40;128;39;14;63;34;74;112;67;125;16;46;142;114;123;59;91;24;108)
106
(26;74;92;81;50;56;34;69)
(7;66;36;25;18;21;96;104;6;68;9;79;22;33;41;11;78;84;18;66;37;50;48;92;58;13;101)
127
(55;19;81;122;116;58;57;81;96;12;70;41;17;94;0;88;88;105;104;24;91;125;97;73;60;103;126;1;90;91;50;20;68;103;40;91;102;118;35;98;48;63;52;63;33;43;50;69;97)
(79;84;31;109;62;115;5;97;77;109;45;37;30;55;108;45;115;59;48;53;122;111;125;91;70;41;37;19;59;60;73;21;82;75;75;15;0;65;59;110;19;0;95;40;99;17)
81
(56;14;60;68;46;7;48;47;27;74;56;56;42;10;4;35;35;12;69;42;15;63;19;33;51;69;34;23;22;58;8;22;55;18;34;14;60;9;32;14;20;76;45;55;60;36;43;12;26;42;40;78;19;5;24;61;45;24;53;28;62;20;64;15;19)
(20;17;17;48;42;37;31;40;69;3;27;3;52;55;26;71;1;71;23;27;27;70;62;76)
134
(67;14;82;111;26;77;90)
(114;80;18;28)
92
(11;85;32;5;22;0;73;29;76;50;51;33;84;18;41;73;20;66;29;89;54;48;61;63;60;60;21;18;9;82;35;41;44;26)
(37;31;65;90;20;70;79;78;39;85;51;84;43;47;82;28;20;44;76;19;56;49;91;38;49;30;41;30;64;20;79;61;41;13;42;19;53;80;74;12;37;60;38;77;73;3;47;21;33)
139
(106;8;81;90;32;75;135;25;16)
(131;138;114;0;124;65;69;131;93;107;65;40;39;104;107;9;73;124;81;124;78;124;55;61;65;103;20;36;6;130;116;58;126;45;87;117;36;30;135)
44
(21;11;28;13;11;43;40;22;37;11;35;8;33;20;40;15;14;34;17;34;9;41;9;16;42;7;24;1;13;36;11;43;6)
(4;14;21;5;2;6;23;28;9;2)
130
(32;82;45;82;129;35;35;106;30;97;64;108;24;107)
(2;62;45;91;123;97;45;99;10;110;56;71;77;31;53;81;99;7;40;51;90;17;41;71;1;87;113;61;118;14;6;47;17;11;75;22;35;102;61;4;110;56;97;59;88;55;126;13;122;39;124;118;83;51;92;4;21;121;114;27;70;125;40;2;11;106;101;33)
15
(9;6;3;11;6;14;3;1;1;7;4;5;11;5;6;1;7;14;9;5;5;11;3;3;1;10;0;11;0;12;4;7;10;10;2;8;2;3)
(7;3;14;12;12;10;6;0;9;6;4;9;11;2;5;11;3;14;3;14;8;7;7;5;9;12;13;5;14;5;3;4;11;8;4;4;13;14;11;11;1;12;6;8;13;14;13;5;3;4;11;12;3;8;14;13;0;14;1;13;5;13;2;9;2;8;12;13;0;8;3;12;2;2;11;12;14;8)
77
(1;17;12;60;16;62;57;47;56;10;9;22;11;35;45;8;48;24;53;25;68;50;70;44;27;72)
(32;55;47;65;2;48;54;27;44;11;14;71;39;20;18;0;47;49;0;31;36;63;1;35;41;75;56;33;31;20;10;74;39;14;39;66;61;7;31;25;31;43;57;63;41;48;2;18;31;31;27;51)
91
(43;45;57;58;27;70;13;89;20;14;64;71;59;8;4;90;27;58;74;40;16;49;12;35;11;55;20;36;80;81;87;90;83;15;64;28;11;67;69)
(13;35;90;63;20;40;71;74;15;85;14;36;12;40;68;27;57;83;35;69;40;48;55;14;6;62;0;36;53;21;57;54;48;60;35;72;13;76;85;17)
16
(1;0;7)
(15;0;11;1;0;7;11;14;3;8;14;7;10;14;2;0;15;12;12;5;15;1;5;13;8;15;3;0;2;14;5;6;1;11;3;1;10;5;5;12;4;9;1;4;1;13;11;6;12;11;9;11;5;0;4;0;10;5;5;10;8;12;15;8;3;13;9;10;2;2;15;2;14;1;9;8;11;9)
23
(1;9;16;6)
(1;9;3;20;7;4;14;18;17;1;21;8;17;9;7;16;2;12;16;11;1;18;20;8;10;4;17;10;22;15;7;11;21;2;3;11;17;19;9;3;9;22;11;21;4;1;22;8;21;19;8;3;6;2;17;17;18;14;17;8;6;14;5;22;21;22;22;9;0)
169
(160;100;83;3;97;167;135;40;111;26;14;99;90;137;79;136;70;35;150;154;94;1;15;30;168;53;102;129;160;30;153;162;71;112;69;31;77;120;18;92;86;113)
(86;81;54;61;123;100;103;49;80;60;153;78;34;67;69;40;140;18;66;35;84;96;20;77;128;3;97;94;134;137;167;68;57;13;134;143;18;112;55;85;131;133;134;165;68;76;111;15;42;37;141)
119
(70;103;13;95;98;50;25;111;43;32;7;106;98;18;4;50;59;63;38;99;25;109;8;24;28;90;111;72;90;67;63;79)
(11;16;39;95;61)
92
(72;57;83;20;46;16;35;40;77;21;50;29;69)
(67;79;14;0;35;6;46;14;63;43;10;31;58;25;78;77;25;28;89;81)
152
(34;126;47;63;144;43;43;141;65;118;19;88;149;108;27;43;134;136;150;10;136;40;15;16;34;38;17;60;62;115;90;117;143;137;107;148;130;146;146;106;104;60;35;91;122;127;52;49;94;16;145;109;137;111;135;10;77;87;140;130;45;93)
(59;142;51;11;137;96;46;121;86;53;85;46;42;73;92;99;132;34;18;68;122;130;22;123;126;122;71;61;146;122;13;44;104;38;98;39;54;74;70;7;24;105;99;91;103;41;101;14;74;92;125;151;19;3;46;33;76;107;72;4;138;68;100)
149
(11;102;41;114;102;103;131;109;122;58;35;115;95;10;112;45;109;90;3;61;23;147;119;72;117;145;132;122;23;8;66;119;36;95;22;112;33;88;54;140;33;26;127;39;83;90;40;85;43;30;75;51;137;122;51;61;27;36;6;105;69;61;14;134;99;55;61)
(13;79;28;67;16;34;23;58;48;123;53;140;23;34;110;119)
31
(7;17;8;20;0;2;24;18;9;25;13;1;24;29;10;19;24;6;6;16;17;30;2;26;7;28;21;22;7;25;23;3;7;4;15;12;3;1;10;25;0;22;17;16;16;29;1;27;26;25;10;9)
(23;21;19;10;16;4;25;27;13;30;24;30;24;17;27;3;9;2;26;24;13;26;2;17;2;0;11;4;10;28;2;1;3;19;14;14;15;27;18;1;4;9;6;14)
149
(56;125;117;117;141;50;120;8;114;41;29;40;15;144;128;133;22;60;131;122;141;96;23;101;106;33;85;38;129;99;124;17;138;80)
(71;139;113;77;3;29;110;73;58;68;131;90)
170
(23;120;4;2;7;128;3;88;101;107)
(157;156;135;96;85;108;88;103;158;86;104;26;155;5;20;133;168;77;136;122;35;126;1;3;18;42;139;88;86;52;118;33;18;144;78;119;10;23;109;115;10;19;39;72;110;102;10;79;75;60;86;56;3;46;145;77;43;34;141;59;119;34;102;95)
48
(8;25;2;7;1;27;23;26;12;10;3;1;8;8;2;9;25;28;36;41;28;4;12;41;7;30;41;46;17;3;3;25;19;5)
(31;0;10;9;29;33;9;17;21;21;4;4;44;39;6;32;39;33;47;14;33;33;14;26;18;26;14;37;28;29;36;39;8;24;7;26;32;30;16;3;30;40;4;35;5;12;0;47;47;43;4;43;22;32;34;45;22;38;9;31;34;26;13;5;22;34;25;33;45;44;40;20;3;43)
38
(32;20;37;16;32;2;4;21;26;25;9;33;4;13;11;15;18;0;37;19;28;13;37;20)
(19;12;9;28;25;25;32;0;31;3;14;20;13;8;8;6;14;31;0;4;2;31;5;20;31;24;21;1)
111
(28;10;102;73;61;52;83;23;39;104;97;101;3;41;81;90;60;58;106;17;22;80;24;61;78;36;106;64;21;60;103;92;77;98;79;85;5;64;90;70;39;83;20;50;39;15;55;23)
(54;60;94;94;43;16;87;88;69;78;109;98;66)
147
(18;63;82;93;51;9;26;129;97;59;5;116)
(25;61;1;121;28;117;13;14;70;125;78;46;12)
88
(27;77;6;9;69;60;62;63;23;17;22;15;3;59;50;48;2;56;39;73)
(74;50;77;4;87;20;40;56;64;13;19;22;72;47;61;45;56;21;3;67;31;21;48;76;63;18;31;84;70;78;40;62;24;39;74;3;60;15;24;16;27;57;87;50;80;50)
114
(71;67;70;60;78;85)
(34;101;85;81;53;1;0;5;1;16;78;87;75;52;18;79;113;62;84;97;37;102;112;85;90;3;12;13;104;108;44;4;90;24;72;5;87;75;2;76;104;100;51;0;84;95;96;108;107;100;20;45;95)
126
(59;75;99;32;73;87;81;54;98;111;74;82;4;110;115;67;50;5;80;119;57;79;83;63;19;35;62;125;2;22;111;122;113;49;28;111;85;124;37;124;75;23;33;119;109;7;36;46;118;121;1;35;87;68;22;22;105;67;104;85;84)
(101;48;13;47;101)
100
(59;27;92;38;24;52;35;81;50;72;90;93;28;3;27;61;0;19;9;52;45;11;79;30;31;28;84;92;19;44;78;1;43;40;22;88)
(23;6;87;51;11;57;90;89;42;50;4;79;35;37;9;58;93;10;29;27;24;27;79;35;67;60;44;31;46;92;66;4;14;86;36;47;87;25;61;22;66;41;93;31;68;91;10;20;46;67;86;98;15;39;35;37;78;46;40;81;72;77;87;28;93;85;32;48;38;79;25;13;27;52;22;93;93;5;90)
161
(155;86;43;65;91;34;75;104;35;140;135;121;142;34;100;26;84;52;150;20;104;44;142;121;42;40;132;97;70;120;61;54;75;72;82;148;46;78;100;102;33;54;67;51;61;9;108;96;13;76;4;90;55;18;76;50;50;107;91;123;29;42;97;116;98;6;12;17;160;106;72;6;109;50;54;36;144;117;29)
(1;59;71;106;149;42;146;10;138;133;81;38;60;55;18;11;100;83;28;45;109;75;95;95;58;156;112;149;20;41;113;150;94;27;113;114;78;82;40;72;53;90;47;43;91;50;98;9;1;81;115;38;2;122;88;67;70;128;104;66;78;32;22;31;77;71;147;77;43;50;136;94;95;10;16;86)
171
(163;58;101;0;54;9;139;68;47;78;139;56;105;142;78;26;3;88;77;8;137;150;103;74;138;131;90;107;85;98;74;17;83;33;39;136;133;73)
(42;85;43;3;92;40;57;11;52;167;0;87;11;40;114;106;20;63;129;15;141;157;115;71;50;166;25;40;44;126;102;0;139;74;88;92;101)
52
(24;11;23;4;20;21;48;25;3;30;40;14;46;14;3;27;50;8;38;50;42;9;29;3;14;36;38;14;27;3;18;40;36;49;18;19;32;3;18;46;29;44;13;45;24;36)
(51;18;0;36;5;6;28;23;6;7;48;49;40;4;32;18;14;2)
156
(52;102;73;81;18;88;104;20;16;150;22;109;42;17;92;111;24;64;29;64;144;98;38;62;132;30;122;81;5;8;22;10;35;155;108;155;139;112;29;22;69;93;25)
(101;55;120;54;130;77;141;33;119;66;141;35;96;104;56;16;20;113;83;87;23;5;35;137;62;25;12;87;71;80;37;67;145;116;114;83;143;32;24;58;96;143;21;142;25;134;19;134;14;41;6;17)
133
(81;29;124;120;87;16;8)
(86)
175
(166;69;151;165;104;121;139;26;168;50;70;9;58;93;20;12;59;8;66;170;29;102;75;41;69;57;37;160;71;1;56;142;141;115;160;80;163;132;65;141;91;12;41;128;108;152;87;48;65;147;35;26;26;2;60;34;6;174;138;25;138;57;29;130)
(100;17;44;126;125;89;37;107;24;46;21;115;16;119;18;47;140;37;162;89;165;133;150;0;107;163;78;46;108;14;134;130;66;172;91;126;85;17;93;149;2;16;119;85;137;118;77;46;100;88;172;170;13;85)
4
(3;3;0;0;0;1;2;2;3;1;1;1;3;0;3;0;0;2;0;2;3;2;1;3;2;2;2;2;2;2;2;2;1;1;0;1;3;0;0;3;3;3;0;1;1;0;0;1;2)
(2;2;1;2;0;0;0;1;3;1;3;3;0;0;3;1;2;2;3;0;2;0;3;1;2;0;2;0;0;3;1;1;1;2;0;1;3;3;0;1;0;2;1;3;0;0;3)
21
(5)
(4;0;9;8;14;3;14;1;4;8;7;5;15;4;5;4;3;9;10;8;5;14;2;20;19;6;5;15;15;10;18;15;14;12;11;8;17;16;20;11;6;11;4;7)
106
(20;93;11;25;52;92;104;55;52;41;44;36;56;40;82;34;26;95;85;47;68;54;10;26;25;69;100)
(76;15;3;90;67;50;65;93;19;62;98;35;84;1;64;58;102;80;94;95;52;17;54;95;0;18;35;44;72;100;67;70;43;71;84;69;83;17;7;88;20;13;75;36;54;84;74;24;103;12;87;2;57;25;24;34;95;72;62;72;36;61;14;84;38)
84
(22;21;27;44;36;65;37;39;78;47;78;23;6;0;35;53;32;28;37;49;56;22;17;3;80;75;39;74;47;32;75;7;68;43;57;77;63;37;51;63;65;10;68;51;11;23;7;69;4;32;48;79;47;66;42;50;20;83;41;68;29;4;66;34;52;58;40;28;43;83;29;72)
(55;5;78;41;61)
80
(39;27;24;10;37;1;18;63;67;60;26;59;57;41;46;67;57;24;12;13;34)
(9;38;61;23;8;33;41;59;65;66;9;52;1;42;76;59;74;5;29;12;26;33;28;75;31;48;60;36;44;64;14;6;27;25;29;17;66;56;60;31;75;27;61;64;30;61;67;25;66;51)
22
(12;4;12;14;21;15;11;7;18;14;10;17;21;15;15;10;15;13;14;6;0;7;0;21;12;7;14;8;15;2;0;17;7;16;9;1;11;1;20;5;7;13;20;11;9;9;7;12;16;1;21;2;10;3;6;14;2;6;8;17;10;10;15;6;16;2;14;13;2;10;21;3;13;15;3;14;6;11;9)
(13;4;6;4;16;18;7;11;11;0;1;2;8;11;9;7;12;3;20;14;17;15;12;2;13;11;1;14;9;19;10;17;15;4;10;3;12;12;9;12;3;12;0;10;6;10;8;10;0;10;1;7;15;4)
4
(1)
(1;2;0;0;1;2;2;0;3;1;1;1;0;2;1;1;1;0;1;2;0;0;1;1;2;3;2;1;0;1;3;2;1;3;2;3;0;2;3;2;2;1;0;3;3;1)
16
(14;2;6;2)
(7;15;5;7;14;6;5;10;11;11;6;2;7;8;4;6;8;15;3;7;14;8;7;6;15;11;2;4;7;10;14;10;14;3;10;10;11;5;8;5;9;0;7;14;7;1;13;15;5;13;9;10;12;14;7;2;14;13;3;11;15;14;2;15;3;2;14;3;9;8;2;9;7)
