25
40
5
13
0 5 20 22 24 
0 1 42 108
1 2 215 236
2 3 45 170
3 4 4 34
5 6 188 240
6 7 96 96
7 8 77 253
8 9 17 237
10 11 191 213
11 12 238 82
12 13 7 70
13 14 78 154
15 16 38 143
16 17 82 102
17 18 84 6
18 19 93 52
20 21 237 64
21 22 85 23
22 23 168 35
23 24 206 205
0 5 144 97
1 6 213 244
2 7 79 75
3 8 97 62
4 9 204 239
5 10 48 105
6 11 23 118
7 12 148 110
8 13 54 52
9 14 245 14
10 15 77 231
11 16 6 58
12 17 34 17
13 18 116 18
14 19 140 209
15 20 162 91
16 21 81 100
17 22 146 51
18 23 217 247
19 24 169 234
