49
82
4
3
41 42 47 48 
0 1 42 108
1 2 215 236
2 3 45 170
3 4 4 34
4 5 188 240
5 6 96 96
7 8 77 253
8 9 17 237
9 10 191 213
10 11 238 82
11 12 7 70
12 13 78 154
14 15 38 143
15 16 82 102
16 17 84 6
17 18 93 52
18 19 237 64
19 20 85 23
21 22 168 35
22 23 206 205
23 24 144 97
24 25 213 244
25 26 79 75
26 27 97 62
28 29 204 239
29 30 48 105
30 31 23 118
31 32 148 110
32 33 54 52
33 34 245 14
35 36 77 231
36 37 6 58
37 38 34 17
38 39 116 18
39 40 140 209
40 41 162 91
42 43 81 100
43 44 146 51
44 45 217 247
45 46 169 234
46 47 250 129
0 7 142 111
1 8 122 237
2 9 162 44
3 10 115 55
4 11 147 104
5 12 183 119
6 13 54 43
7 14 235 222
8 15 244 6
9 16 50 79
10 17 10 241
11 18 208 12
12 19 54 202
13 20 177 186
14 21 150 203
15 22 151 220
16 23 3 19
17 24 253 193
18 25 17 31
19 26 237 22
20 27 171 33
21 28 196 20
22 29 207 68
23 30 66 131
24 31 112 50
25 32 197 116
26 33 253 102
27 34 158 118
28 35 158 48
29 36 214 184
30 37 156 240
31 38 80 69
32 39 252 229
33 40 48 212
34 41 222 26
35 42 94 99
36 43 136 207
37 44 148 126
38 45 71 240
39 46 85 138
40 47 129 109	