5
4
0 78998 * 5432
* 0 32147 2568
9807 45677 0 5443
* 5677 977 0
6
0 54 89 * * 90
* 0 43 12 * 78
67 43 0 32 37 *
69 * 23 0 16 *
* 56 14 97 0 32
89 * * 15 74 0
7
0 23 45 * 67 * 43
* 0 78 21 * 56 *
97 54 0 * 11 54 32
83 * 62 0 13 * 75
92 42 * 65 0 39 55
* 35 76 * 24 0 *
87 67 * 54 18 43 0
8
0 789 321 * 659 189 690 *
271 0 900 435 * 276 * 287
* 743 0 196 486 * 501 423
318 * 96 0 274 137 * 678
* * 546 487 0 890 76 *
256 817 * 619 * 0 793 23
956 432 890 * 31 540 0 90
* 78 * 478 * 654 378 0
9
0 4532 * 156 * 519 321 * 2387
9078 0 267 * * 1765 3890 * *
* 3786 0 165 945 3568 * 2567 19
257 * 618 0 43 * * * 1
98 432 * * 0 4398 78 154 *
765 328 7 34 * 0 15 * 5768
234 * * 645 8900 * 0 123 4
* * * 65 789 34 4378 0 9
765 981 456 * 78 * 35 1765 0